timestamp,open,high,low,close,adjusted_close,volume,dividend_amount,split_coefficient
2023-02-08,178.37,183.49,178.19,182.78,182.78,1807203,0.0000,1.0
2023-02-07,182.0,183.08,177.91,180.45,180.45,1905550,0.0000,1.0
2023-02-06,184.4,186.58,183.08,185.02,185.02,1528233,0.0000,1.0
2023-02-03,186.24,188.225,184.71,186.3,186.3,1594572,0.0000,1.0
2023-02-02,185.0,188.0,180.47,185.65,185.65,2426157,0.0000,1.0
2023-02-01,178.62,180.68,174.72,178.8,178.8,2313236,0.0000,1.0
2023-01-31,176.775,179.27,176.33,179.12,179.12,1646481,0.0000,1.0
2023-01-30,175.95,177.35,174.84,175.15,175.15,710726,0.0000,1.0
2023-01-27,175.52,177.75,174.845,177.03,177.03,665918,0.0000,1.0
2023-01-26,175.58,175.795,172.68,175.53,175.53,720606,0.0000,1.0
2023-01-25,172.55,174.42,171.15,174.23,174.23,752301,0.0000,1.0
2023-01-24,194.66,194.66,169.71,174.76,174.76,1547051,0.0000,1.0
2023-01-23,170.01,171.9,168.45,170.95,170.95,1467768,0.0000,1.0
2023-01-20,168.0,169.94,166.36,169.88,169.88,2082513,0.0000,1.0
2023-01-19,172.49,172.51,166.785,167.05,167.05,2078943,0.0000,1.0
2023-01-18,179.82,180.49,173.295,173.79,173.79,1774632,0.0000,1.0
2023-01-17,183.66,183.94,178.941,179.74,179.74,1761503,0.0000,1.0
2023-01-13,179.54,183.59,178.5,183.31,183.31,778808,0.0000,1.0
2023-01-12,181.64,181.65,179.115,180.37,180.37,1169950,0.0000,1.0
2023-01-11,179.98,181.81,179.97,180.45,180.45,1026922,0.0000,1.0
2023-01-10,177.2,179.0289,176.81,178.93,178.93,705981,0.0000,1.0
2023-01-09,179.47,181.915,177.06,178.08,178.08,1368863,0.0000,1.0
2023-01-06,174.06,179.47,173.39,178.5,178.5,1199211,0.0000,1.0
2023-01-05,172.02,172.8719,170.05,171.95,171.95,1113616,0.0000,1.0
2023-01-04,173.57,175.23,172.47,174.31,174.31,1124559,0.0000,1.0
2023-01-03,170.89,171.705,168.91,171.53,171.53,1149586,0.0000,1.0
2022-12-30,169.02,169.62,166.65,168.09,168.09,665714,0.0000,1.0
2022-12-29,168.82,171.115,166.74,170.43,170.43,924479,0.0000,1.0
2022-12-28,171.12,171.8,167.37,167.38,167.38,538735,0.0000,1.0
2022-12-27,169.9,171.2,169.19,170.12,170.12,551792,0.0000,1.0
2022-12-23,168.88,170.31,167.91,169.95,169.95,659386,0.0000,1.0
2022-12-22,168.94,170.07,166.13,169.3,169.3,1037281,0.0000,1.0
2022-12-21,169.37,171.555,169.02,170.96,170.96,877902,0.0000,1.0
2022-12-20,168.54,169.73,167.9278,168.75,168.75,746118,0.0000,1.0
2022-12-19,170.05,171.82,167.37,168.81,168.81,1104928,0.0000,1.0
2022-12-16,170.08,170.985,168.64,170.36,170.36,1570832,0.0000,1.0
2022-12-15,173.91,173.915,169.51,170.86,170.86,1619633,0.0000,1.0
2022-12-14,176.0,178.69,174.78,176.54,176.54,1087390,0.0000,1.0
2022-12-13,180.77,180.81,174.295,176.27,176.27,2002437,0.0000,1.0
2022-12-12,172.47,175.4,172.15,175.21,175.21,1317751,0.0000,1.0
2022-12-09,177.0,178.16,174.77,175.26,175.26,914410,0.0000,1.0
2022-12-08,175.39,178.18,174.97,177.16,177.16,1170858,0.0000,1.0
2022-12-07,173.05,176.99,172.86,175.39,175.39,1647604,0.0000,1.0
2022-12-06,176.57,176.84,171.485,173.12,173.12,846971,0.0000,1.0
2022-12-05,175.75,177.5,174.26,176.01,176.01,1012327,0.0000,1.0
2022-12-02,175.54,179.9425,175.54,179.01,179.01,1027187,0.0000,1.0
2022-12-01,179.03,179.99,176.22,178.18,178.18,929358,0.6700,1.0
2022-11-30,174.68,178.64,173.0,178.42,177.751610847079,2959776,0.0000,1.0
2022-11-29,174.1,175.955,173.66,174.99,174.334460162147,985818,0.0000,1.0
2022-11-28,177.53,178.205,173.84,174.39,173.736707855745,928097,0.0000,1.0
2022-11-25,180.03,180.03,178.27,178.95,178.2796253844,431815,0.0000,1.0
2022-11-23,179.16,181.3,178.8,179.35,178.678126922002,1562453,0.0000,1.0
2022-11-22,177.6,179.425,176.99,178.76,178.09033715404,1301255,0.0000,1.0
2022-11-21,176.15,177.5,175.76,176.22,175.559852390271,972235,0.0000,1.0
2022-11-18,176.52,177.88,174.57,176.24,175.579777467151,1102382,0.0000,1.0
2022-11-17,172.98,174.54,170.8,174.48,173.826370701705,1219078,0.0000,1.0
2022-11-16,177.4,177.4,175.56,176.03,175.370564159911,1055711,0.0000,1.0
2022-11-15,176.58,178.07,174.98,176.88,176.217379927313,1152387,0.0000,1.0
2022-11-14,174.9,176.44,173.7,173.95,173.298356164384,1387118,0.0000,1.0
2022-11-11,177.63,181.62,175.26,176.08,175.420376852111,1627451,0.0000,1.0
2022-11-10,171.35,177.42,171.35,176.77,176.107792004473,1744744,0.0000,1.0
2022-11-09,168.63,170.59,165.45,165.75,165.129074643556,1241819,0.0000,1.0
2022-11-08,168.14,171.13,167.2,169.92,169.28345317305,1681309,0.0000,1.0
2022-11-07,167.49,168.82,164.67,167.58,166.952219178082,1602076,0.0000,1.0
2022-11-04,167.6,168.77,163.74,166.74,166.115365949119,1205476,0.0000,1.0
2022-11-03,159.34,166.4215,159.02,164.78,164.162708414873,2062704,0.0000,1.0
2022-11-02,162.01,168.96,159.31,160.81,160.207580654179,2298942,0.0000,1.0
2022-11-01,160.09,162.22,158.09,159.79,159.191401733296,2032640,0.0000,1.0
2022-10-31,159.61,161.08,159.29,159.63,159.032001118256,1334815,0.0000,1.0
2022-10-28,156.5,161.87,155.225,160.94,160.3370936539,1125454,0.0000,1.0
2022-10-27,155.87,158.61,155.64,156.34,155.754325971484,1332546,0.0000,1.0
2022-10-26,154.57,157.08,152.33,154.34,153.761818283478,1341410,0.0000,1.0
2022-10-25,146.97,154.65,146.97,153.96,153.383241822757,1700406,0.0000,1.0
2022-10-24,147.24,149.1,145.68,147.28,146.728266144814,1239870,0.0000,1.0
2022-10-21,140.82,145.785,139.6,144.86,144.317331842326,1780064,0.0000,1.0
2022-10-20,144.9,144.9,139.49,140.26,139.734564159911,1378448,0.0000,1.0
2022-10-19,148.56,149.54,144.18,145.14,144.596282918647,1014895,0.0000,1.0
2022-10-18,150.82,151.66,147.74,149.93,149.368338831423,1034550,0.0000,1.0
2022-10-17,145.23,147.52,144.88,147.42,146.867741682975,1722209,0.0000,1.0
2022-10-14,146.95,149.38,140.97,142.0,141.468045848476,1067037,0.0000,1.0
2022-10-13,142.0,147.995,139.07,147.05,146.499127760693,1917879,0.0000,1.0
2022-10-12,148.12,148.365,144.92,144.99,144.446844842046,1159707,0.0000,1.0
2022-10-11,146.92,149.96,145.54,147.31,146.758153760134,1085020,0.0000,1.0
2022-10-10,147.65,148.74,146.52,147.83,147.276205759016,750735,0.0000,1.0
2022-10-07,149.72,150.54,145.39,146.36,145.811712608331,1231300,0.0000,1.0
2022-10-06,153.55,154.18,150.94,151.57,151.002195135588,1060433,0.0000,1.0
2022-10-05,152.26,155.26,152.26,153.71,153.134178361756,820732,0.0000,1.0
2022-10-04,153.05,155.14,152.63,154.66,154.080619513559,1146591,0.0000,1.0
2022-10-03,146.75,152.95,146.75,150.99,150.424367906067,1241014,0.0000,1.0
2022-09-30,145.79,148.09,144.54,144.81,144.267519150126,1174940,0.0000,1.0
2022-09-29,147.87,147.98,145.1,145.96,145.41321107073,1400694,0.0000,1.0
2022-09-28,145.78,150.13,144.89,149.44,148.880174447861,1148266,0.0000,1.0
2022-09-27,147.9,148.18,143.32,144.86,144.317331842326,1262873,0.0000,1.0
2022-09-26,147.19,148.135,144.74,146.08,145.53276153201,1518166,0.0000,1.0
2022-09-23,146.63,148.7,145.32,147.58,147.027142298015,1398695,0.0000,1.0
2022-09-22,151.41,151.82,147.59,147.65,147.096880067095,1271284,0.0000,1.0
2022-09-21,156.3,157.35,151.72,151.93,151.36084651943,1484120,0.0000,1.0
2022-09-20,157.67,158.1814,153.26,154.74,154.160319821079,1267483,0.0000,1.0
2022-09-19,155.03,159.25,155.03,159.12,158.523911657814,1008868,0.0000,1.0
2022-09-16,157.2,157.38,153.73,155.69,155.106760972882,2282563,0.0000,1.0
2022-09-15,160.05,162.38,158.57,159.22,158.623537042214,1281742,0.0000,1.0
2022-09-14,160.79,161.62,158.59,160.17,159.569978194017,1551546,0.0000,1.0
2022-09-13,161.41,163.75,159.81,160.67,160.068105116019,1238487,0.0000,1.0
2022-09-12,165.0,166.32,163.87,165.38,164.760460721275,1151870,0.0000,1.0
2022-09-09,163.63,164.76,163.03,163.83,163.21626726307,1248648,0.0000,1.0
2022-09-08,159.64,164.1,158.57,163.29,162.678290187308,1920872,0.0000,1.0
2022-09-07,157.09,161.23,156.69,161.14,160.536344422701,1191975,0.0000,1.0
2022-09-06,155.51,157.43,153.37,156.52,155.933651663405,1900456,0.0000,1.0
2022-09-02,159.09,159.39,154.61,155.43,154.847734973441,1317227,0.0000,1.0
2022-09-01,153.62,157.02,152.52,156.82,156.232527816606,1241926,0.6700,1.0
2022-08-31,155.95,157.28,154.03,154.07,152.839834660642,1753690,0.0000,1.0
2022-08-30,157.01,157.05,153.78,154.84,153.603686628505,1383143,0.0000,1.0
2022-08-29,154.2,157.23,153.85,155.85,154.605622326612,1363637,0.0000,1.0
2022-08-26,161.61,162.11,155.39,155.57,154.327857974661,1085251,0.0000,1.0
2022-08-25,159.2,161.3,158.42,161.23,159.942665946228,1034212,0.0000,1.0
2022-08-24,157.45,158.58,156.94,158.06,156.797976675933,996802,0.0000,1.0
2022-08-23,158.79,159.94,157.32,157.86,156.599573567398,1266904,0.0000,1.0
2022-08-22,161.17,161.8,159.055,159.63,158.35544107794,1177414,0.0000,1.0
2022-08-19,165.67,166.15,163.02,163.71,162.402864492073,1472392,0.0000,1.0
2022-08-18,166.47,167.32,166.12,166.96,165.626915005782,1044865,0.0000,1.0
2022-08-17,164.78,167.46,164.31,166.42,165.091226612735,1445299,0.0000,1.0
2022-08-16,163.57,167.3,163.57,167.26,165.924519668586,1706527,0.0000,1.0
2022-08-15,163.37,165.71,162.7,165.37,164.049610292921,1069393,0.0000,1.0
2022-08-12,159.36,163.68,158.39,163.56,162.254062160671,1174337,0.0000,1.0
2022-08-11,158.29,161.525,158.17,158.64,157.373345690688,1346049,0.0000,1.0
2022-08-10,157.96,158.72,157.19,157.96,156.698775121666,1010533,0.0000,1.0
2022-08-09,154.65,155.69,153.94,154.55,153.316002121128,1314909,0.0000,1.0
2022-08-08,155.65,157.055,155.03,155.99,154.744504502587,1791548,0.0000,1.0
2022-08-05,152.98,154.35,151.66,154.34,153.107678857165,1650090,0.0000,1.0
2022-08-04,151.66,156.95,151.34,154.87,153.633447094786,2451493,0.0000,1.0
2022-08-03,147.9,151.88,146.4,150.91,149.705065545775,1591886,0.0000,1.0
2022-08-02,144.86,146.96,144.74,145.21,144.050576952501,1186589,0.0000,1.0
2022-08-01,145.21,146.62,144.525,146.06,144.893790163779,1204005,0.0000,1.0
2022-07-29,145.37,147.305,144.42,146.99,145.816364618471,1051382,0.0000,1.0
2022-07-28,142.88,145.745,141.09,145.38,144.219219594756,1081172,0.0000,1.0
2022-07-27,139.53,142.76,139.2839,141.87,140.737245039951,1023660,0.0000,1.0
2022-07-26,139.51,139.59,136.96,138.99,137.880240277034,922391,0.0000,1.0
2022-07-25,138.93,139.35,138.0,139.2,138.088563540997,1212371,0.0000,1.0
2022-07-22,138.48,139.93,137.96,139.22,138.10840385185,1565954,0.0000,1.0
2022-07-21,133.55,138.47,133.3,138.35,137.245350329719,1501267,0.0000,1.0
2022-07-20,132.76,134.18,131.77,133.15,132.086869507785,1171980,0.0000,1.0
2022-07-19,128.1,132.9,127.57,132.64,131.580941581019,1165545,0.0000,1.0
2022-07-18,129.53,129.9,125.7884,126.47,125.460205682686,1105422,0.0000,1.0
2022-07-15,129.63,131.08,127.96,129.56,128.525533709566,4404303,0.0000,1.0
2022-07-14,125.37,128.005,125.26,127.34,126.323259204817,1971774,0.0000,1.0
2022-07-13,127.36,129.29,126.24,127.61,126.59110340134,1549278,0.0000,1.0
2022-07-12,130.5,132.21,129.52,129.97,128.932260082064,1275526,0.0000,1.0
2022-07-11,130.36,131.27,130.01,130.64,129.59691049566,1214127,0.0000,1.0
2022-07-08,131.46,132.43,129.91,131.08,130.033397334439,1410420,0.0000,1.0
2022-07-07,131.4,132.015,129.38,130.77,129.725872516208,1579536,0.0000,1.0
2022-07-06,132.62,132.62,130.12,131.42,130.37068261895,1722056,0.0000,1.0
2022-07-05,129.16,131.835,128.245,131.72,130.668287281753,1197786,0.0000,1.0
2022-07-01,130.27,132.12,129.61,131.37,130.321081841816,1197629,0.0000,1.0
2022-06-30,128.75,131.59,127.9401,129.87,128.833058527796,1496616,0.0000,1.0
2022-06-29,128.69,130.43,126.57,130.08,129.041381791759,1113556,0.0000,1.0
2022-06-28,131.69,132.69,128.765,128.91,127.880723606824,984893,0.0000,1.0
2022-06-27,131.94,132.19,129.74,131.48,130.43020355151,962246,0.0000,1.0
2022-06-24,128.62,131.65,127.78,131.49,130.440123706937,1883844,0.0000,1.0
2022-06-23,124.59,127.62,124.01,127.52,126.501822002499,1457167,0.0000,1.0
2022-06-22,122.37,125.71,122.08,124.96,123.96226221324,1591251,0.0000,1.0
2022-06-21,122.57,124.77,122.01,124.15,123.158729623669,1604559,0.0000,1.0
2022-06-17,121.36,123.34,120.64,120.97,120.004120197948,2309874,0.0000,1.0
2022-06-16,125.07,125.345,121.09,121.93,120.95645511892,1224246,0.0000,1.0
2022-06-15,127.79,129.87,126.15,127.82,126.799426665303,1084554,0.0000,1.0
2022-06-14,127.55,129.38,125.52,126.68,125.668528946648,1186353,0.0000,1.0
2022-06-13,127.66,129.53,126.705,127.61,126.59110340134,1342551,0.0000,1.0
2022-06-10,131.85,132.005,129.0721,130.21,129.170343812307,923429,0.0000,1.0
2022-06-09,137.06,137.99,134.08,134.29,133.21776722644,1305435,0.0000,1.0
2022-06-08,138.64,139.715,137.46,137.87,136.769182869233,746948,0.0000,1.0
2022-06-07,137.12,139.94,136.4,139.75,138.63417208947,873853,0.0000,1.0
2022-06-06,138.86,139.73,137.85,138.24,137.136228620024,1123364,0.0000,1.0
2022-06-03,138.05,139.03,137.5,138.44,137.33463172856,689299,0.0000,1.0
2022-06-02,136.92,139.55,136.12,139.35,138.237365872399,950356,0.6700,1.0
2022-06-01,138.43,138.85,135.2,136.34,134.604216990736,1280233,0.0000,1.0
2022-05-31,138.64,139.06,136.52,138.06,136.302319185426,2507911,0.0000,1.0
2022-05-27,138.22,140.57,137.74,140.5,138.711254856963,989456,0.0000,1.0
2022-05-26,135.6,137.35,135.528,136.81,135.068233288122,1025462,0.0000,1.0
2022-05-25,131.09,134.73,130.6,133.9,132.195281319199,1500340,0.0000,1.0
2022-05-24,131.1,132.2,128.17,131.73,130.052908201479,1024187,0.0000,1.0
2022-05-23,132.68,132.68,128.56,131.51,129.835709083553,1194479,0.0000,1.0
2022-05-20,132.22,132.815,128.13,130.72,129.055766796457,1407250,0.0000,1.0
2022-05-19,129.42,132.71,128.675,130.86,129.193984416955,992134,0.0000,1.0
2022-05-18,133.84,135.48,129.74,130.11,128.453532878573,1509882,0.0000,1.0
2022-05-17,137.29,137.95,134.46,136.81,135.068233288122,1408506,0.0000,1.0
2022-05-16,137.0,137.78,134.035,135.41,133.686057083142,911920,0.0000,1.0
2022-05-13,135.37,138.32,135.37,137.98,136.223337687999,1355392,0.0000,1.0
2022-05-12,130.39,135.41,130.01,134.43,132.718533739655,1780889,0.0000,1.0
2022-05-11,133.26,135.26,131.035,131.17,129.500037719487,1374707,0.0000,1.0
2022-05-10,136.3,136.6,131.73,133.31,131.612792775671,1417652,0.0000,1.0
2022-05-09,132.57,136.48,131.0,134.53,132.81726061144,1446533,0.0000,1.0
2022-05-06,135.73,136.005,131.48,134.22,132.511207308908,1496872,0.0000,1.0
2022-05-05,140.23,141.61,135.52,136.69,134.949761041981,1656877,0.0000,1.0
2022-05-04,138.36,141.58,133.81,141.21,139.412215646632,2390622,0.0000,1.0
2022-05-03,140.5,141.88,138.7305,139.5,137.72398613912,2827208,0.0000,1.0
2022-05-02,139.92,142.76,137.72,140.53,138.740872918499,1548807,0.0000,1.0
2022-04-29,144.59,145.91,139.34,139.89,138.109020939079,1880412,0.0000,1.0
2022-04-28,143.5,146.83,140.5,145.67,143.815434128212,1568766,0.0000,1.0
2022-04-27,143.83,147.06,143.67,144.67,142.828165410369,1140470,0.0000,1.0
2022-04-26,147.55,148.24,144.19,144.71,142.867656159083,1063316,0.0000,1.0
2022-04-25,147.4,149.57,144.4,149.44,147.537437194481,924199,0.0000,1.0
2022-04-22,152.09,152.11,148.57,148.89,146.994439399667,1196341,0.0000,1.0
2022-04-21,157.85,158.58,152.57,152.81,150.864532773613,1754483,0.0000,1.0
2022-04-20,151.23,155.84,150.88,154.54,152.572507655481,1563230,0.0000,1.0
2022-04-19,146.56,149.86,146.37,149.73,147.823745122656,951714,0.0000,1.0
2022-04-18,148.05,148.9,145.255,145.96,144.101742056387,724656,0.0000,1.0
2022-04-14,149.18,150.27,147.52,148.05,146.165133676679,3455159,0.0000,1.0
2022-04-13,147.0,149.74,147.0,148.99,147.093166271452,1064044,0.0000,1.0
2022-04-12,147.56,151.47,145.94,146.91,145.039647338338,1422092,0.0000,1.0
2022-04-11,148.83,149.88,147.26,147.86,145.977552620289,1775943,0.0000,1.0
2022-04-08,151.83,152.48,149.005,149.8,147.892853932905,1014249,0.0000,1.0
2022-04-07,150.06,153.75,150.0,152.37,150.430134537762,1411636,0.0000,1.0
2022-04-06,153.42,154.71,150.78,151.99,150.054972424981,1378088,0.0000,1.0
2022-04-05,152.72,154.97,151.47,154.75,152.779834086228,2056344,0.0000,1.0
2022-04-04,153.35,154.39,152.06,153.95,151.990019111954,786587,0.0000,1.0
2022-04-01,154.73,155.895,152.68,154.85,152.878560958013,1336264,0.0000,1.0
2022-03-31,157.84,158.52,152.68,152.7,150.75593321465,1822244,0.0000,1.0
2022-03-30,156.96,159.12,156.59,158.59,156.570945962746,2165519,0.0000,1.0
2022-03-29,159.57,160.805,157.3,158.25,156.235274598679,1348236,0.0000,1.0
2022-03-28,154.82,157.32,154.62,156.78,154.78398958345,1364316,0.0000,1.0
2022-03-25,154.84,156.98,154.04,155.58,153.599267122038,1236701,0.0000,1.0
2022-03-24,153.68,154.79,152.73,154.73,152.760088711871,925447,0.0000,1.0
2022-03-23,155.41,155.55,152.55,152.89,150.94351427104,1180438,0.0000,1.0
2022-03-22,156.93,158.135,156.17,157.23,155.228260506479,877769,0.0000,1.0
2022-03-21,158.0,158.7,155.06,156.33,154.339718660421,1058926,0.0000,1.0
2022-03-18,156.42,159.14,155.14,158.72,156.699290896066,1942626,0.0000,1.0
2022-03-17,155.0,158.095,154.62,157.43,155.425714250048,1189028,0.0000,1.0
2022-03-16,153.81,158.24,152.86,156.5,154.507554342454,1587965,0.0000,1.0
2022-03-15,151.97,153.0,150.28,152.29,150.351153040334,1443829,0.0000,1.0
2022-03-14,149.71,152.04,148.31,151.18,149.255284763528,2352038,0.0000,1.0
2022-03-11,151.02,152.52,148.72,148.83,146.935203276597,1207982,0.0000,1.0
2022-03-10,148.64,149.53,147.065,148.85,146.954948650954,1092428,0.0000,1.0
2022-03-09,146.44,152.28,145.97,150.97,149.047958332781,2189888,0.0000,1.0
2022-03-08,144.55,148.98,142.53,142.78,140.962227533646,2018511,0.0000,1.0
2022-03-07,151.28,151.795,144.46,144.54,142.69982047705,2013495,0.0000,1.0
2022-03-04,153.21,154.56,150.32,151.31,149.383629696848,1236184,0.0000,1.0
2022-03-03,156.21,156.68,153.75,155.11,153.135250824652,1631234,0.6700,1.0
2022-03-02,153.32,155.85,153.0756,155.22,152.584758203893,1576735,0.0000,1.0
2022-03-01,154.39,154.555,149.87,152.06,149.478406986754,1223854,0.0000,1.0
2022-02-28,152.67,154.98,152.06,153.93,151.316659131074,1865660,0.0000,1.0
2022-02-25,151.49,154.84,150.455,154.73,152.103077160729,1771323,0.0000,1.0
2022-02-24,146.0,151.55,145.24,151.23,148.662498280987,1841751,0.0000,1.0
2022-02-23,151.8,151.8,148.5,148.97,146.44086734721,1474863,0.0000,1.0
2022-02-22,151.59,153.64,149.745,150.74,148.180817237823,1531243,0.0000,1.0
2022-02-18,150.61,153.89,150.61,152.33,149.743823071763,2044540,0.0000,1.0
2022-02-17,152.22,153.93,150.75,151.43,148.859102788401,1667618,0.0000,1.0
2022-02-16,153.1,154.39,152.19,152.63,150.038729832884,1117370,0.0000,1.0
2022-02-15,154.02,155.125,152.65,154.0,151.385470708669,1401754,0.0000,1.0
2022-02-14,151.7,153.08,149.61,151.45,148.878763239142,1538769,0.0000,1.0
2022-02-11,157.03,157.82,151.1,152.18,149.596369691202,1643275,0.0000,1.0
2022-02-10,158.5,162.03,155.42,156.16,153.508799388738,1855557,0.0000,1.0
2022-02-09,161.53,164.58,161.08,162.18,159.426595061895,2167719,0.0000,1.0
2022-02-08,158.65,160.63,157.14,159.06,156.359564746239,1757488,0.0000,1.0
2022-02-07,158.56,159.61,156.2,156.97,154.305047643764,1891529,0.0000,1.0
2022-02-04,160.78,161.67,156.66,158.74,156.044997534377,2151582,0.0000,1.0
2022-02-03,165.49,166.67,161.32,161.58,158.836781539654,1864939,0.0000,1.0
2022-02-02,168.11,170.0,164.16,164.95,162.149567489577,2756011,0.0000,1.0
2022-02-01,173.89,173.89,165.27,167.18,164.341707747242,2740866,0.0000,1.0
2022-01-31,171.34,174.09,166.76,173.1,170.161201166692,1834279,0.0000,1.0
2022-01-28,169.13,172.21,166.35,172.17,169.246990207217,1797064,0.0000,1.0
2022-01-27,173.92,175.82,168.275,169.2,166.327413272122,1589996,0.0000,1.0
2022-01-26,173.78,177.04,170.79,172.54,169.610708545933,1515591,0.0000,1.0
2022-01-25,173.46,174.84,169.04,172.94,170.003917560761,1415428,0.0000,1.0
2022-01-24,170.97,176.64,168.86,176.25,173.25772215846,1980989,0.0000,1.0
2022-01-21,174.86,177.53,172.99,174.98,172.009283536382,3535629,0.0000,1.0
2022-01-20,177.26,180.64,173.69,173.75,170.800165815787,2500239,0.0000,1.0
2022-01-19,179.21,180.865,175.65,175.7,172.717059763072,1922445,0.0000,1.0
2022-01-18,177.67,181.08,175.98,178.43,175.400711289271,2341775,0.0000,1.0
2022-01-14,185.33,186.055,179.5,180.0,176.94405667247,2406714,0.0000,1.0
2022-01-13,194.94,197.09,187.59,188.0,184.808236969024,1507945,0.0000,1.0
2022-01-12,195.0,195.95,192.03,195.24,191.925320137406,1364479,0.0000,1.0
2022-01-11,191.01,194.635,190.19,193.48,190.195200472164,1437894,0.0000,1.0
2022-01-10,186.92,190.32,184.22,190.14,186.911905198352,1906650,0.0000,1.0
2022-01-07,194.76,195.3227,189.16,189.27,186.056675591102,1112047,0.0000,1.0
2022-01-06,193.0,196.82,192.71,195.03,191.718885404621,1360047,0.0000,1.0
2022-01-05,195.43,196.65,192.35,192.67,189.398952217137,1355515,0.0000,1.0
2022-01-04,195.04,196.36,193.8,195.0,191.689394728509,1723430,0.0000,1.0
2022-01-03,200.38,201.65,194.22,194.85,191.541941347948,1226980,0.0000,1.0
2021-12-31,200.44,202.85,200.2668,202.03,198.600043164106,513500,0.0000,1.0
2021-12-30,203.03,203.265,200.5,200.82,197.410585894252,657586,0.0000,1.0
2021-12-29,201.13,203.335,201.13,202.51,199.071893981899,508116,0.0000,1.0
2021-12-28,200.84,202.02,200.2,201.47,198.049550543347,490904,0.0000,1.0
2021-12-27,198.54,200.26,197.7,200.06,196.663488766079,487782,0.0000,1.0
2021-12-23,196.84,198.74,196.79,197.3,193.950346563768,746333,0.0000,1.0
2021-12-22,194.89,196.84,194.55,196.19,192.859191547621,611237,0.0000,1.0
2021-12-21,193.68,195.39,192.035,194.43,191.129071882379,845970,0.0000,1.0
2021-12-20,192.72,194.3,189.12,191.81,188.553552835258,959644,0.0000,1.0
2021-12-17,201.59,201.65,193.59,194.34,191.040599854043,2231636,0.0000,1.0
2021-12-16,203.5,204.23,200.715,202.16,198.727836093925,938927,0.0000,1.0
2021-12-15,200.67,201.82,198.5215,201.78,198.354287529839,1265608,0.0000,1.0
2021-12-14,199.96,202.63,197.44,199.8,196.407902906441,1575988,0.0000,1.0
2021-12-13,203.0,203.99,201.31,202.24,198.80647789689,1227827,0.0000,1.0
2021-12-10,201.76,202.79,200.175,202.69,199.248838038572,1027394,0.0000,1.0
2021-12-09,201.62,202.62,200.15,201.65,198.22649460002,1101162,0.0000,1.0
2021-12-08,198.67,201.57,198.31,201.47,198.049550543347,1303668,0.0000,1.0
2021-12-07,194.85,199.6,194.85,198.74,195.365899017148,1277842,0.0000,1.0
2021-12-06,195.0,196.0,193.17,193.54,190.254181824388,1256863,0.0000,1.0
2021-12-03,191.66,193.61,189.48,193.3,190.018256415491,1270687,0.0000,1.0
2021-12-02,186.4,191.78,185.71,190.56,187.324774663921,1483000,0.5900,1.0
2021-12-01,189.17,193.17,185.22,185.44,181.729041138779,1691889,0.0000,1.0
2021-11-30,191.88,192.91,186.0,186.65,182.914827052163,2558428,0.0000,1.0
2021-11-29,196.5,196.5,192.03,192.93,189.069153941461,1320538,0.0000,1.0
2021-11-26,192.9,196.2,192.23,194.25,190.362738574244,1270206,0.0000,1.0
2021-11-24,194.51,196.02,192.74,195.48,191.568124254791,1834546,0.0000,1.0
2021-11-23,195.59,198.22,194.375,195.57,191.656323207026,1510615,0.0000,1.0
2021-11-22,197.31,198.78,196.1,196.1,192.175717036856,1337681,0.0000,1.0
2021-11-19,193.43,196.28,192.15,195.99,192.067918317457,1513634,0.0000,1.0
2021-11-18,195.0,195.3499,193.185,193.59,189.715946257853,1038836,0.0000,1.0
2021-11-17,194.23,194.62,192.06,194.02,190.137341251865,1124027,0.0000,1.0
2021-11-16,191.62,195.0,191.0,193.63,189.755145792179,942577,0.0000,1.0
2021-11-15,192.23,193.48,190.18,191.14,187.31497478034,949189,0.0000,1.0
2021-11-12,190.21,192.95,188.65,192.91,189.049554174298,1051168,0.0000,1.0
2021-11-11,190.32,190.72,187.66,188.67,184.894403535663,837027,0.0000,1.0
2021-11-10,188.43,190.715,188.01,189.45,185.658794455035,1230142,0.0000,1.0
2021-11-09,186.88,190.08,186.69,189.54,185.74699340727,1458697,0.0000,1.0
2021-11-08,186.2,187.59,184.58,187.3,183.551819484972,1382755,0.0000,1.0
2021-11-05,182.25,185.84,181.97,184.69,180.994049870152,1503186,0.0000,1.0
2021-11-04,179.21,182.35,178.875,180.9,177.279893992694,1452621,0.0000,1.0
2021-11-03,184.18,184.18,175.445,178.33,174.7613239122,1807588,0.0000,1.0
2021-11-02,181.92,184.1,181.06,183.0,179.337869544848,1047368,0.0000,1.0
2021-11-01,181.44,183.14,179.63,181.33,177.701288986706,1068776,0.0000,1.0
2021-10-29,180.85,182.54,180.16,180.93,177.309293643439,994088,0.0000,1.0
2021-10-28,178.64,181.83,177.84,181.75,178.112884097137,697041,0.0000,1.0
2021-10-27,180.06,182.1055,177.175,177.86,174.300729383861,806059,0.0000,1.0
2021-10-26,180.64,181.12,179.2,180.06,176.456703771832,886783,0.0000,1.0
2021-10-25,179.79,181.965,177.045,180.07,176.466503655414,857482,0.0000,1.0
2021-10-22,182.0,183.18,181.13,181.16,177.534690965817,1322813,0.0000,1.0
2021-10-21,176.36,181.25,175.675,181.15,177.524891082236,1349809,0.0000,1.0
2021-10-20,176.25,177.83,174.73,176.51,172.977745100333,947469,0.0000,1.0
2021-10-19,177.51,177.68,174.95,175.57,172.056556043655,937097,0.0000,1.0
2021-10-18,172.74,176.28,172.38,175.66,172.14475499589,850470,0.0000,1.0
2021-10-15,176.39,176.9775,173.9,174.0,170.51797432133,922061,0.0000,1.0
2021-10-14,172.05,175.11,171.71,175.07,171.566561864571,1025861,0.0000,1.0
2021-10-13,170.73,171.81,169.33,170.63,167.215413554302,1060346,0.0000,1.0
2021-10-12,170.67,170.69,168.615,169.63,166.235425196134,1263549,0.0000,1.0
2021-10-11,171.33,171.975,169.8,170.0,166.598020888656,1159806,0.0000,1.0
2021-10-08,175.61,176.385,171.77,172.02,168.577597372157,1177642,0.0000,1.0
2021-10-07,178.51,179.0,176.61,177.21,173.663736951052,1273052,0.0000,1.0
2021-10-06,175.0,177.05,173.87,176.91,173.369740443601,901997,0.0000,1.0
2021-10-05,175.19,178.82,174.03,177.44,173.88913427343,1193766,0.0000,1.0
2021-10-04,174.08,175.71,172.24,174.96,171.458763145172,1354015,0.0000,1.0
2021-10-01,173.55,175.93,172.115,174.74,171.243165706375,1216972,0.0000,1.0
2021-09-30,177.69,177.86,172.63,172.65,169.194990037803,1532460,0.0000,1.0
2021-09-29,177.13,177.6975,176.11,176.41,172.879746264517,795415,0.0000,1.0
2021-09-28,178.9,179.23,176.04,176.37,172.84054673019,1196472,0.0000,1.0
2021-09-27,182.2,182.78,178.26,179.38,175.790311688277,1350698,0.0000,1.0
2021-09-24,185.62,186.72,182.99,183.24,179.573066750808,957520,0.0000,1.0
2021-09-23,183.85,187.27,183.705,186.09,182.366033571588,1492515,0.0000,1.0
2021-09-22,181.3,183.7,181.3,182.37,178.720476879201,1085831,0.0000,1.0
2021-09-21,183.75,184.32,180.91,181.51,177.877686891176,939083,0.0000,1.0
2021-09-20,181.16,183.13,180.15,183.07,179.406468729919,1380890,0.0000,1.0
2021-09-17,183.55,184.96,182.24,183.8,180.121860231382,4398150,0.0000,1.0
2021-09-16,186.35,186.825,185.24,185.62,181.905439043249,883542,0.0000,1.0
2021-09-15,182.89,188.28,182.64,186.97,183.228423326777,1421647,0.0000,1.0
2021-09-14,188.29,189.86,183.25,183.74,180.063060929892,1369529,0.0000,1.0
2021-09-13,191.97,192.22,187.815,188.77,184.99240237148,902329,0.0000,1.0
2021-09-10,191.75,192.01,189.91,190.07,186.266387237099,1041027,0.0000,1.0
2021-09-09,194.0,194.8799,189.92,190.17,186.364386072916,1054680,0.0000,1.0
2021-09-08,192.65,194.0413,191.13,193.44,189.568948004127,799436,0.0000,1.0
2021-09-07,198.15,198.83,193.15,193.41,189.539548353382,1041345,0.0000,1.0
2021-09-03,200.74,201.32,199.34,199.94,195.938872332223,561509,0.0000,1.0
2021-09-02,198.7,201.07,198.11,201.05,197.02665940979,866019,0.5900,1.0
2021-09-01,198.85,198.85,196.7,197.88,193.352684804648,930328,0.0000,1.0
2021-08-31,200.1,200.33,198.15,198.5,193.958499766134,1181334,0.0000,1.0
2021-08-30,199.56,200.94,198.525,200.04,195.463265960794,640119,0.0000,1.0
2021-08-27,200.65,201.2,198.73,198.78,194.232093619709,920700,0.0000,1.0
2021-08-26,199.0,200.1,197.94,199.24,194.681569236295,645312,0.0000,1.0
2021-08-25,197.43,201.7,197.16,199.45,194.886764626476,1383508,0.0000,1.0
2021-08-24,194.66,196.88,194.56,196.59,192.092198836395,641103,0.0000,1.0
2021-08-23,195.04,195.38,192.9,194.48,190.030473725531,647777,0.0000,1.0
2021-08-20,194.21,194.7073,192.66,193.41,188.984954356514,815837,0.0000,1.0
2021-08-19,190.3,195.27,189.75,193.95,189.51259964555,808544,0.0000,1.0
2021-08-18,192.73,194.67,192.27,192.3,187.900350151273,1022105,0.0000,1.0
2021-08-17,193.61,193.945,191.09,193.63,189.199920955751,839842,0.0000,1.0
2021-08-16,190.73,195.26,189.83,195.2,190.734000777579,834523,0.0000,1.0
2021-08-13,192.0,192.4,190.07,191.18,186.805974736975,737965,0.0000,1.0
2021-08-12,193.8,194.15,190.94,191.81,187.421560907518,884872,0.0000,1.0
2021-08-11,193.51,193.98,191.89,193.33,188.906784684064,1056001,0.0000,1.0
2021-08-10,193.67,193.9,191.07,192.22,187.822180478823,1592937,0.0000,1.0
2021-08-09,192.99,195.04,192.18,193.9,189.463743600269,1808634,0.0000,1.0
2021-08-06,196.35,197.92,194.71,197.0,192.4928184077,825592,0.0000,1.0
2021-08-05,201.3,202.16,195.115,195.43,190.958738585872,1443442,0.0000,1.0
2021-08-04,200.0,202.65,197.76,200.28,195.697774978143,1346276,0.0000,1.0
2021-08-03,202.46,207.06,201.234,206.56,201.834094265454,1192083,0.0000,1.0
2021-08-02,204.0,205.88,201.06,201.17,196.567412584147,1045238,0.0000,1.0
2021-07-30,201.62,203.76,200.3587,203.61,198.951587593867,1043253,0.0000,1.0
2021-07-29,200.11,202.965,199.02,202.61,197.974466688244,1224781,0.0000,1.0
2021-07-28,200.71,201.86,198.2,198.23,193.694677121616,1213987,0.0000,1.0
2021-07-27,198.61,201.97,198.26,200.77,196.176564221898,936217,0.0000,1.0
2021-07-26,200.9,201.47,198.68,199.75,195.179900898163,797819,0.0000,1.0
2021-07-23,200.0,202.21,199.6704,201.45,196.841006437722,765634,0.0000,1.0
2021-07-22,199.68,199.95,197.54,198.65,194.105067901978,768098,0.0000,1.0
2021-07-21,197.5,198.95,197.13,198.67,194.12461032009,730521,0.0000,1.0
2021-07-20,189.93,197.425,189.67,196.48,191.984715536776,1334956,0.0000,1.0
2021-07-19,189.28,190.53,188.07,189.65,185.310979751372,1104773,0.0000,1.0
2021-07-16,193.38,193.67,191.76,192.26,187.861265315048,1090695,0.0000,1.0
2021-07-15,189.91,192.49,189.91,192.19,187.792866851654,905041,0.0000,1.0
2021-07-14,192.06,193.225,190.52,190.94,186.571465719626,931582,0.0000,1.0
2021-07-13,192.22,192.76,190.735,191.19,186.815745946031,898280,0.0000,1.0
2021-07-12,190.28,193.25,189.285,192.77,188.359596976915,937687,0.0000,1.0
2021-07-09,189.13,190.98,188.93,190.32,185.96565075814,1138966,0.0000,1.0
2021-07-08,186.5,188.67,185.71,187.24,182.956118368821,1179133,0.0000,1.0
2021-07-07,184.63,189.75,184.63,189.65,185.310979751372,1040175,0.0000,1.0
2021-07-06,188.41,188.41,183.01,184.98,180.747825122114,1545569,0.0000,1.0
2021-07-02,185.97,187.72,185.78,187.3,183.014745623159,735833,0.0000,1.0
2021-07-01,185.25,186.38,184.4564,186.2,181.939912626973,988617,0.0000,1.0
2021-06-30,182.37,184.66,181.83,184.14,179.92704356139,1096449,0.0000,1.0
2021-06-29,184.41,186.89,182.63,182.83,178.647015175024,1014850,0.0000,1.0
2021-06-28,181.37,183.175,180.2,182.74,178.559074293518,1088149,0.0000,1.0
2021-06-25,180.04,182.64,177.9,180.0,175.881763012112,4608988,0.0000,1.0
2021-06-24,180.69,180.73,179.1,179.84,175.725423667212,927755,0.0000,1.0
2021-06-23,180.79,180.91,179.31,179.73,175.617940367594,846343,0.0000,1.0
2021-06-22,180.32,181.21,178.93,180.12,175.999017520787,877112,0.0000,1.0
2021-06-21,175.11,179.93,174.82,179.56,175.451829813638,1225865,0.0000,1.0
2021-06-18,177.15,178.46,172.08,173.41,169.442536244057,3125269,0.0000,1.0
2021-06-17,182.46,183.36,176.89,180.0,175.881763012112,1217175,0.0000,1.0
2021-06-16,183.48,183.93,181.2,182.35,178.177997140325,955042,0.0000,1.0
2021-06-15,183.06,184.99,182.87,184.26,180.044298070065,946668,0.0000,1.0
2021-06-14,184.68,185.18,181.46,182.61,178.432048575787,1046409,0.0000,1.0
2021-06-11,184.51,185.27,183.505,185.23,180.992105348519,973402,0.0000,1.0
2021-06-10,183.55,184.95,182.42,183.69,179.48733915386,1040457,0.0000,1.0
2021-06-09,183.25,183.77,181.4,182.29,178.119369885988,952609,0.0000,1.0
2021-06-08,182.86,184.105,181.45,183.9,179.692534544041,930831,0.0000,1.0
2021-06-07,182.0,182.87,181.005,182.07,177.904403286751,1172504,0.0000,1.0
2021-06-04,183.28,183.97,180.69,181.64,177.484241297333,1280785,0.0000,1.0
2021-06-03,183.8,184.05,181.1,183.36,179.164889255005,961830,0.5900,1.0
2021-06-02,186.71,187.66,184.79,185.11,180.294714052699,779078,0.0000,1.0
2021-06-01,188.45,189.925,186.21,187.54,182.661502206488,978775,0.0000,1.0
2021-05-28,186.86,187.0,185.22,186.4,181.551157146686,1039495,0.0000,1.0
2021-05-27,185.53,186.02,183.77,185.8,180.966765009948,1116701,0.0000,1.0
2021-05-26,182.99,183.65,181.77,183.55,178.775294497179,921027,0.0000,1.0
2021-05-25,182.1,183.96,181.84,182.6,177.850006947343,817296,0.0000,1.0
2021-05-24,183.43,183.6499,181.7,182.1,177.363013500062,773808,0.0000,1.0
2021-05-21,181.46,183.37,181.14,182.09,177.353273631116,688375,0.0000,1.0
2021-05-20,178.99,181.16,177.97,180.45,175.755935124031,810175,0.0000,1.0
2021-05-19,177.39,178.61,174.051,178.37,173.730042383339,1321440,0.0000,1.0
2021-05-18,183.87,183.87,179.09,179.24,174.577410981609,1135522,0.0000,1.0
2021-05-17,184.0,184.97,181.955,183.54,178.765554628233,745873,0.0000,1.0
2021-05-14,184.21,185.35,182.97,184.2,179.408385978645,829867,0.0000,1.0
2021-05-13,178.15,183.11,178.15,182.11,177.372753369007,910680,0.0000,1.0
2021-05-12,182.43,182.71,178.07,178.62,173.97353910698,1245903,0.0000,1.0
2021-05-11,183.51,184.67,181.03,182.75,177.996104981528,1228362,0.0000,1.0
2021-05-10,184.53,187.98,184.01,186.66,181.804393739272,1174465,0.0000,1.0
2021-05-07,181.17,183.9193,180.005,183.68,178.901912793472,1049733,0.0000,1.0
2021-05-06,180.16,181.93,178.81,181.92,177.18769585904,988142,0.0000,1.0
2021-05-05,175.19,180.1,175.19,178.72,174.070937796436,1680300,0.0000,1.0
2021-05-04,174.14,175.22,172.81,174.72,170.174990218181,970954,0.0000,1.0
2021-05-03,175.32,175.74,173.48,174.75,170.204209825018,675618,0.0000,1.0
2021-04-30,174.76,175.49,173.03,173.83,169.308141882019,1288079,0.0000,1.0
2021-04-29,174.79,176.0,173.98,175.59,171.022358816451,600303,0.0000,1.0
2021-04-28,174.48,175.275,173.14,174.36,169.824354936138,560323,0.0000,1.0
2021-04-27,173.09,174.535,171.54,173.8,169.278922275182,992932,0.0000,1.0
2021-04-26,176.1,177.2,172.48,172.83,168.334154987455,770286,0.0000,1.0
2021-04-23,171.84,175.45,171.76,175.33,170.769122223865,1057025,0.0000,1.0
2021-04-22,171.99,174.35,171.53,171.95,167.477046520239,893024,0.0000,1.0
2021-04-21,169.01,170.87,168.04,170.5,166.064765523122,770065,0.0000,1.0
2021-04-20,170.44,171.68,166.46,168.2,163.824595665625,976181,0.0000,1.0
2021-04-19,172.72,172.8,170.82,172.28,167.798462195445,887296,0.0000,1.0
2021-04-16,171.83,172.46,170.71,171.96,167.486786389185,858677,0.0000,1.0
2021-04-15,170.17,170.75,168.6722,170.51,166.074505392068,642520,0.0000,1.0
2021-04-14,169.87,172.0591,169.18,169.36,164.954420463319,916191,0.0000,1.0
2021-04-13,170.65,171.26,168.6,170.79,166.347221722545,800455,0.0000,1.0
2021-04-12,168.6,170.96,168.43,170.61,166.171904081524,803026,0.0000,1.0
2021-04-09,168.04,169.62,166.52,169.55,165.139477973286,821808,0.0000,1.0
2021-04-08,165.43,167.2,164.72,166.58,162.246736896432,656320,0.0000,1.0
2021-04-07,167.21,168.49,165.91,166.5,162.168817944867,593164,0.0000,1.0
2021-04-06,168.77,169.33,167.46,167.64,163.27916300467,622206,0.0000,1.0
2021-04-05,166.8,168.16,166.03,167.45,163.094105494702,850941,0.0000,1.0
2021-04-01,166.83,166.83,164.08,165.44,161.136391836629,958927,0.0000,1.0
2021-03-31,167.64,168.65,165.01,165.56,161.253270263977,1102547,0.0000,1.0
2021-03-30,165.25,167.77,165.25,166.95,162.607112047421,676174,0.0000,1.0
2021-03-29,169.0,169.47,166.11,166.58,162.246736896432,723843,0.0000,1.0
2021-03-26,165.42,168.17,164.54,168.09,163.717457107223,807366,0.0000,1.0
2021-03-25,160.38,164.66,159.73,163.93,159.665671625838,909141,0.0000,1.0
2021-03-24,161.38,163.12,160.67,161.21,157.016427272625,1079548,0.0000,1.0
2021-03-23,162.49,163.61,159.565,160.33,156.159318805408,1013985,0.0000,1.0
2021-03-22,162.44,164.76,161.57,164.3,160.026046776827,923801,0.0000,1.0
2021-03-19,167.07,167.36,164.06,164.1,159.831249397914,3343778,0.0000,1.0
2021-03-18,165.97,168.83,165.06,167.54,163.181764315213,1012404,0.0000,1.0
2021-03-17,167.75,168.2,164.3144,165.96,161.642865021802,1198652,0.0000,1.0
2021-03-16,167.35,169.13,166.245,167.17,162.821389164225,1131224,0.0000,1.0
2021-03-15,163.82,168.12,163.485,167.99,163.620058417767,1023736,0.0000,1.0
2021-03-12,163.45,164.07,162.14,163.68,159.422174902197,1111156,0.0000,1.0
2021-03-11,164.19,164.9,162.34,162.94,158.70142460022,968641,0.0000,1.0
2021-03-10,160.2,165.46,159.8443,163.43,159.178678178556,1070389,0.0000,1.0
2021-03-09,164.64,165.27,160.44,160.48,156.305416839593,837329,0.0000,1.0
2021-03-08,160.94,165.86,159.42,163.73,159.470874246925,1256168,0.0000,1.0
2021-03-05,155.15,161.08,154.16,160.42,156.246977625919,1080956,0.0000,1.0
2021-03-04,156.66,157.93,151.3,153.4,149.409589626082,1416796,0.5900,1.0
2021-03-03,158.42,159.48,157.01,157.5,152.815185181556,950578,0.0000,1.0
2021-03-02,158.91,158.91,155.84,158.16,153.455553576603,1180727,0.0000,1.0
2021-03-01,155.41,161.0,155.41,158.47,153.756332671246,1308814,0.0000,1.0
2021-02-26,153.52,155.3599,152.39,153.24,148.681898268074,1282491,0.0000,1.0
2021-02-25,154.0,155.91,151.85,152.48,147.944504358627,905894,0.0000,1.0
2021-02-24,152.45,156.51,151.96,155.35,150.729136621935,1075645,0.0000,1.0
2021-02-23,153.36,153.52,149.73,153.2,148.643088062314,1068432,0.0000,1.0
2021-02-22,153.55,155.63,152.46,152.89,148.342308967671,1319817,0.0000,1.0
2021-02-19,150.49,154.17,150.095,153.96,149.380481971761,917225,0.0000,1.0
2021-02-18,150.94,151.345,147.555,149.5,145.053144029477,999986,0.0000,1.0
2021-02-17,150.53,151.91,149.67,151.3,146.799603288695,771832,0.0000,1.0
2021-02-16,150.9,152.39,149.17,151.28,146.780198185815,1104685,0.0000,1.0
2021-02-12,150.04,151.44,148.84,150.93,146.440608885411,659286,0.0000,1.0
2021-02-11,148.53,150.97,148.53,150.87,146.382393576771,1140714,0.0000,1.0
2021-02-10,146.98,149.22,144.78,148.33,143.917945510986,935857,0.0000,1.0
2021-02-09,147.7,148.562,145.2471,145.71,141.37587703368,1000214,0.0000,1.0
2021-02-08,151.23,151.23,145.87,148.98,144.548611354592,1519768,0.0000,1.0
2021-02-05,147.7,152.3,147.08,149.35,144.907605757876,2031624,0.0000,1.0
2021-02-04,147.31,149.59,146.52,148.84,144.412775634431,1698387,0.0000,1.0
2021-02-03,144.5,146.87,144.09,146.38,142.025947980166,1249326,0.0000,1.0
2021-02-02,144.55,146.66,143.97,144.99,140.677293329993,1146897,0.0000,1.0
2021-02-01,144.86,145.42,142.42,142.75,138.50392180741,1593322,0.0000,1.0
2021-01-29,141.77,145.29,141.04,143.35,139.086074893816,1837245,0.0000,1.0
2021-01-28,141.53,144.18,139.56,142.8,138.552434564611,2342675,0.0000,1.0
2021-01-27,144.95,145.577,137.98,138.83,134.700521642892,1721584,0.0000,1.0
2021-01-26,151.65,151.65,147.51,147.89,143.491033247621,1468599,0.0000,1.0
2021-01-25,152.51,153.01,147.36,150.92,146.430906333971,1021944,0.0000,1.0
2021-01-22,153.5,154.43,151.0,152.67,148.128852835988,1091273,0.0000,1.0
2021-01-21,155.69,156.27,153.73,154.44,149.846204440886,953016,0.0000,1.0
2021-01-20,153.52,155.79,152.67,155.24,150.622408556094,1136203,0.0000,1.0
2021-01-19,150.16,155.306,150.16,153.49,148.924462054077,1701390,0.0000,1.0
2021-01-15,150.75,150.75,147.05,149.51,145.062846580917,1252416,0.0000,1.0
2021-01-14,150.99,152.56,150.26,150.75,146.26596295949,731500,0.0000,1.0
2021-01-13,151.29,151.82,149.57,150.95,146.460013988291,1067003,0.0000,1.0
2021-01-12,152.26,152.79,150.145,151.94,147.420566580861,1023266,0.0000,1.0
2021-01-11,150.16,153.5,150.0851,152.25,147.721345675504,860492,0.0000,1.0
2021-01-08,153.72,154.3,149.94,152.58,148.041529873028,1061997,0.0000,1.0
2021-01-07,153.71,154.43,150.41,153.72,149.147620737199,1734055,0.0000,1.0
2021-01-06,147.45,152.26,147.45,149.84,145.383030778441,3425051,0.0000,1.0
2021-01-05,144.05,146.24,143.91,145.85,141.511712753841,1134368,0.0000,1.0
2021-01-04,144.09,146.23,142.6891,143.98,139.697335634543,1262017,0.0000,1.0
2020-12-31,144.75,145.34,143.8018,145.16,140.842236704474,738789,0.0000,1.0
2020-12-30,142.9,145.57,142.9,144.83,140.522052506951,658582,0.0000,1.0
2020-12-29,145.5,146.58,141.5,142.9,138.649460079012,666466,0.0000,1.0
2020-12-28,144.8,145.68,144.11,144.2,139.910791766225,615002,0.0000,1.0
2020-12-24,142.96,144.32,142.96,143.66,139.386853988459,292018,0.0000,1.0
2020-12-23,142.96,144.145,142.09,142.5,138.261358021408,857883,0.0000,1.0
2020-12-22,142.35,144.18,141.06,143.0,138.746485593413,1073089,0.0000,1.0
2020-12-21,139.33,143.4,139.195,142.15,137.921768721005,1243115,0.0000,1.0
2020-12-18,141.92,143.01,139.73,141.06,136.864190614034,2150449,0.0000,1.0
2020-12-17,139.195,141.68,138.765,140.97,136.776867651073,1644316,0.0000,1.0
2020-12-16,141.25,141.88,138.39,138.57,134.448255305449,1109632,0.0000,1.0
2020-12-15,139.49,140.64,138.41,140.38,136.204417116107,1497146,0.0000,1.0
2020-12-14,140.85,141.7,137.08,137.71,133.613835881601,1803512,0.0000,1.0
2020-12-11,138.3,140.0,137.388,139.94,135.777504852743,1096213,0.0000,1.0
2020-12-10,139.81,141.28,138.53,139.22,135.078921149056,995361,0.0000,1.0
2020-12-09,141.34,142.26,139.83,141.05,136.854488062594,1267933,0.0000,1.0
2020-12-08,141.59,142.11,139.81,139.96,135.796909955623,1065025,0.0000,1.0
2020-12-07,141.83,142.7,140.16,141.12,136.922405922674,1076431,0.0000,1.0
2020-12-04,141.57,143.28,141.23,141.85,137.630692177802,1305513,0.0000,1.0
2020-12-03,144.26,144.29,141.54,141.72,137.50455900908,1733795,0.5300,1.0
2020-12-02,144.12,145.645,143.38,144.34,139.52483688837,1348653,0.0000,1.0
2020-12-01,147.08,148.26,145.2,145.7,140.839467470109,1622913,0.0000,1.0
2020-11-30,143.21,146.32,141.74,146.24,141.36145314227,2778221,0.0000,1.0
2020-11-27,146.28,146.645,143.32,143.5,138.71285917612,905943,0.0000,1.0
2020-11-25,146.74,147.02,143.76,144.97,140.133820172558,1308952,0.0000,1.0
2020-11-24,146.52,148.069,145.24,147.07,142.163764453184,1751248,0.0000,1.0
2020-11-23,145.17,147.53,144.9369,145.92,141.052128299508,704659,0.0000,1.0
2020-11-20,145.54,146.54,143.78,144.2,139.389507269662,1115017,0.0000,1.0
2020-11-19,144.05,147.43,142.7,146.79,141.893105215767,1106410,0.0000,1.0
2020-11-18,148.55,148.9,144.15,144.44,139.621500901733,2014737,0.0000,1.0
2020-11-17,150.96,152.49,146.86,148.79,143.82638548303,1444259,0.0000,1.0
2020-11-16,152.45,152.94,147.15,152.44,147.354621970785,1861464,0.0000,1.0
2020-11-13,146.59,149.16,145.8,147.99,143.053073376125,1037186,0.0000,1.0
2020-11-12,141.38,144.1,140.46,143.39,138.60652876142,1449307,0.0000,1.0
2020-11-11,141.78,143.4087,139.69,142.96,138.190873503959,2039130,0.0000,1.0
2020-11-10,144.87,147.9,143.27,143.58,138.79019038681,2066646,0.0000,1.0
2020-11-09,150.23,153.72,145.6,145.67,140.8104682661,1448229,0.0000,1.0
2020-11-06,141.34,145.14,140.64,144.32,139.505504085697,1172988,0.0000,1.0
2020-11-05,140.0,143.475,139.93,141.12,136.412255658077,965012,0.0000,1.0
2020-11-04,140.46,140.46,135.11,137.28,132.700357544932,1442753,0.0000,1.0
2020-11-03,138.82,142.37,137.84,141.26,136.547585276785,1228701,0.0000,1.0
2020-11-02,135.13,137.56,134.05,137.55,132.961350381012,1112930,0.0000,1.0
2020-10-30,132.34,135.9,130.33,132.75,128.321477739581,1596407,0.0000,1.0
2020-10-29,127.85,133.87,127.1,132.05,127.644829646039,1740527,0.0000,1.0
2020-10-28,123.3,130.48,123.3,127.84,123.57527468345,1832533,0.0000,1.0
2020-10-27,126.58,126.67,123.08,123.68,119.554051727543,1829172,0.0000,1.0
2020-10-26,126.72,127.7,125.17,126.15,121.941652857613,1191541,0.0000,1.0
2020-10-23,131.35,131.595,128.94,129.22,124.909238067862,1075659,0.0000,1.0
2020-10-22,129.49,130.8,128.77,130.46,126.107871833565,694158,0.0000,1.0
2020-10-21,128.42,130.36,128.42,128.87,124.570914021091,1048316,0.0000,1.0
2020-10-20,128.59,130.695,128.0,128.73,124.435584402382,869172,0.0000,1.0
2020-10-19,131.22,132.21,127.44,127.5,123.246617038016,1310516,0.0000,1.0
2020-10-16,130.99,132.01,130.64,131.21,126.832851933789,686507,0.0000,1.0
2020-10-15,128.73,131.52,128.73,130.64,126.281867057619,754861,0.0000,1.0
2020-10-14,130.26,130.655,128.6577,130.2,125.856545398821,913421,0.0000,1.0
2020-10-13,130.76,132.26,128.6,129.25,124.938237271871,881128,0.0000,1.0
2020-10-12,130.48,132.14,129.85,131.96,127.557832034012,598818,0.0000,1.0
2020-10-09,130.0,131.52,128.89,129.12,124.812574054499,807936,0.0000,1.0
2020-10-08,128.84,129.84,127.97,129.8,125.469889345368,1052917,0.0000,1.0
2020-10-07,127.99,129.98,127.37,127.94,123.671938696814,766554,0.0000,1.0
2020-10-06,127.62,128.95,126.21,126.59,122.366974516411,1154768,0.0000,1.0
2020-10-05,125.46,128.24,125.0,126.93,122.695632161846,817523,0.0000,1.0
2020-10-02,120.74,124.92,120.08,123.86,119.728046951597,1183340,0.0000,1.0
2020-10-01,123.06,123.5,121.27,121.95,117.881764296361,1003639,0.0000,1.0
2020-09-30,121.76,123.45,120.3602,121.25,117.205116202819,883908,0.0000,1.0
2020-09-29,121.76,122.38,120.86,121.22,117.17611699881,579454,0.0000,1.0
2020-09-28,120.97,122.85,120.19,121.51,117.456442637563,1354555,0.0000,1.0
2020-09-25,117.95,119.62,117.13,118.91,114.943178290121,989470,0.0000,1.0
2020-09-24,118.37,120.59,117.4,119.0,115.030175902148,1049041,0.0000,1.0
2020-09-23,121.33,122.39,118.65,118.79,114.827181474085,859716,0.0000,1.0
2020-09-22,120.17,121.8,119.94,121.52,117.466109038899,853267,0.0000,1.0
2020-09-21,120.89,120.89,117.36,120.08,116.07414724647,1114862,0.0000,1.0
2020-09-18,124.9,126.0,122.73,122.96,118.858070831329,1827323,0.0000,1.0
2020-09-17,120.5,125.08,119.4,124.87,120.704353486565,1518898,0.0000,1.0
2020-09-16,122.0,123.78,120.92,122.01,117.939762704379,1008550,0.0000,1.0
2020-09-15,119.9,121.33,119.28,121.22,117.17611699881,1180545,0.0000,1.0
2020-09-14,118.15,119.67,117.58,118.99,115.020509500812,894778,0.0000,1.0
2020-09-11,116.01,118.01,115.87,116.99,113.087229233549,727152,0.0000,1.0
2020-09-10,117.91,118.135,115.28,115.61,111.753265849137,816279,0.0000,1.0
2020-09-09,117.11,119.29,116.955,117.07,113.164560444239,1117427,0.0000,1.0
2020-09-08,116.8,117.94,115.36,116.19,112.313917126644,1173323,0.0000,1.0
2020-09-04,119.25,119.7999,116.082,117.77,113.841208537781,813384,0.0000,1.0
2020-09-03,121.98,122.46,117.14,118.13,114.189198985889,908057,0.5300,1.0
2020-09-02,120.2,122.925,119.76,122.39,117.778662260938,786433,0.0000,1.0
2020-09-01,117.63,120.32,117.04,120.2,115.671175780413,788826,0.0000,1.0
2020-08-31,119.9,120.13,118.28,118.39,113.92937188555,929618,0.0000,1.0
2020-08-28,119.09,120.33,118.39,120.3,115.767408039798,711823,0.0000,1.0
2020-08-27,120.83,121.04,118.91,118.92,114.439402860289,805276,0.0000,1.0
2020-08-26,119.22,120.38,118.47,120.08,115.555697069151,781647,0.0000,1.0
2020-08-25,119.59,119.59,117.56,118.46,113.996734467119,577852,0.0000,1.0
2020-08-24,118.43,119.01,117.71,118.92,114.439402860289,737625,0.0000,1.0
2020-08-21,116.25,117.68,115.75,117.57,113.140267358595,986319,0.0000,1.0
2020-08-20,116.56,117.44,115.88,116.02,111.648667338132,794748,0.0000,1.0
2020-08-19,118.01,119.18,117.16,117.4,112.976672517641,759334,0.0000,1.0
2020-08-18,119.22,119.69,117.97,118.03,113.582935751765,810303,0.0000,1.0
2020-08-17,118.93,119.51,117.9117,119.36,114.862824801582,1708306,0.0000,1.0
2020-08-14,117.77,119.44,117.275,118.88,114.400909956535,1373854,0.0000,1.0
2020-08-13,119.59,119.98,118.25,118.37,113.910125433673,1100112,0.0000,1.0
2020-08-12,120.3,122.19,119.52,120.2,115.671175780413,1012376,0.0000,1.0
2020-08-11,120.25,121.91,119.255,119.8,115.286246742874,1411644,0.0000,1.0
2020-08-10,116.77,119.045,116.72,118.85,114.37204027872,1278746,0.0000,1.0
2020-08-07,115.83,117.12,115.8,116.85,112.447395091025,1057528,0.0000,1.0
2020-08-06,114.58,115.98,113.29,115.49,111.138636363394,1150155,0.0000,1.0
2020-08-05,113.0,115.79,113.0,115.15,110.811446681486,1283736,0.0000,1.0
2020-08-04,111.52,112.33,110.14,112.28,108.049580837145,1208020,0.0000,1.0
2020-08-03,111.69,112.72,111.52,112.19,107.962971803698,1302957,0.0000,1.0
2020-07-31,110.7,112.09,109.11,111.87,107.655028573667,1273540,0.0000,1.0
2020-07-30,109.0,112.21,108.62,110.86,106.683082753882,2037768,0.0000,1.0
2020-07-29,117.0,117.0,110.39,110.47,106.307776942281,2376727,0.0000,1.0
2020-07-28,103.9,105.1,103.44,103.71,99.8024762078755,1361123,0.0000,1.0
2020-07-27,103.64,104.9,102.26,104.55,100.610827186707,1159626,0.0000,1.0
2020-07-24,105.48,105.72,103.03,103.76,99.8505923375679,1006877,0.0000,1.0
2020-07-23,105.75,106.6,104.985,105.42,101.448047843354,1381904,0.0000,1.0
2020-07-22,105.35,106.41,105.0,106.21,102.208282692493,1524897,0.0000,1.0
2020-07-21,104.65,105.74,103.88,105.45,101.476917521169,2259813,0.0000,1.0
2020-07-20,102.0,103.85,101.76,103.38,99.484909751906,1377437,0.0000,1.0
2020-07-17,102.06,102.75,101.38,102.45,98.5899497396283,3455806,0.0000,1.0
2020-07-16,100.97,103.39,100.03,101.94,98.0991652167663,1553066,0.0000,1.0
2020-07-15,99.92,101.71,99.73,100.93,97.1272193969808,2434041,0.0000,1.0
2020-07-14,92.43,97.55,91.53,97.53,93.8553225779009,2161449,0.0000,1.0
2020-07-13,92.12,93.84,90.75,92.09,88.620287667373,1466662,0.0000,1.0
2020-07-10,90.41,91.69,89.76,91.64,88.1872425001418,1209206,0.0000,1.0
2020-07-09,91.9,92.26,89.58,90.29,86.8881069984484,1578916,0.0000,1.0
2020-07-08,92.0,92.69,91.12,92.13,88.6587805711269,1359720,0.0000,1.0
2020-07-07,92.04,92.73,91.23,91.41,87.965908303557,1584069,0.0000,1.0
2020-07-06,92.0,93.0,91.15,92.54,89.0533328346042,1363241,0.0000,1.0
2020-07-02,90.57,92.02,90.04,90.53,87.1190644209717,1526512,0.0000,1.0
2020-07-01,89.5,90.51,88.21,88.86,85.5119856892471,1391716,0.0000,1.0
2020-06-30,88.55,89.57,88.0,88.98,85.6274644005088,1442743,0.0000,1.0
2020-06-29,85.56,89.23,85.42,89.19,85.8295521452166,1827791,0.0000,1.0
2020-06-26,85.94,86.46,84.3,84.64,81.4509843432126,7495104,0.0000,1.0
2020-06-25,85.82,85.93,84.17,85.8,82.5672785520752,3400660,0.0000,1.0
2020-06-24,90.25,90.83,85.98,86.04,82.7982359745985,1744578,0.0000,1.0
2020-06-23,91.28,91.44,89.84,90.09,86.695642479679,882117,0.0000,1.0
2020-06-22,89.04,91.04,87.92,90.18,86.7822515131252,1108798,0.0000,1.0
2020-06-19,92.08,92.16,89.12,89.29,85.9257844046013,2392553,0.0000,1.0
2020-06-18,91.48,91.58,89.65,90.07,86.676396027802,948322,0.0000,1.0
2020-06-17,92.0,92.63,90.3,91.85,88.3893302448497,1149815,0.0000,1.0
2020-06-16,93.64,94.9,90.45,91.68,88.2257354038957,1118895,0.0000,1.0
2020-06-15,87.58,91.47,87.21,90.65,87.2345431322333,1489751,0.0000,1.0
2020-06-12,92.61,92.84,87.6,90.39,86.9843392578331,1311356,0.0000,1.0
2020-06-11,91.41,91.9,89.71,89.77,86.3876992496479,1170279,0.0000,1.0
2020-06-10,96.73,98.13,94.51,94.59,91.0260941519906,1464364,0.0000,1.0
2020-06-09,97.76,98.16,95.85,97.46,93.7879599963316,1169671,0.0000,1.0
2020-06-08,100.94,103.6,98.63,98.99,95.2603135649175,2250762,0.0000,1.0
2020-06-05,99.0,103.65,98.49,102.01,98.1665277983356,2187849,0.0000,1.0
2020-06-04,92.63,95.76,92.63,95.54,91.9403006161453,1930391,0.5300,1.0
2020-06-03,92.07,94.86,92.01,94.33,90.2750968785363,1330318,0.0000,1.0
2020-06-02,90.75,91.94,90.2,91.44,87.5093274522777,1362080,0.0000,1.0
2020-06-01,89.95,91.97,89.3,90.43,86.5427436735507,1387034,0.0000,1.0
2020-05-29,89.51,90.47,88.72,90.21,86.3322006722438,1630332,0.0000,1.0
2020-05-28,91.61,92.12,89.85,90.3,86.4183319000512,1180850,0.0000,1.0
2020-05-27,89.65,92.12,89.65,90.94,87.0308206311257,1823486,0.0000,1.0
2020-05-26,85.85,89.19,85.85,88.93,85.1072232100947,1756576,0.0000,1.0
2020-05-22,82.28,83.65,81.18,83.36,79.7766572224614,1236076,0.0000,1.0
2020-05-21,79.46,81.97,79.46,81.36,77.8626299378534,1361427,0.0000,1.0
2020-05-20,81.51,81.81,79.6,79.75,76.321837973744,1443620,0.0000,1.0
2020-05-19,81.59,83.03,80.34,80.41,76.9534669776646,1479108,0.0000,1.0
2020-05-18,79.63,81.72,79.62,81.39,77.8913403471226,1598238,0.0000,1.0
2020-05-15,77.53,78.72,76.43,77.21,73.8910233222918,1994042,0.0000,1.0
2020-05-14,74.99,78.92,73.73,78.32,74.9533084652493,2589571,0.0000,1.0
2020-05-13,76.35,76.93,74.27,76.65,73.3550956826016,4146675,0.0000,1.0
2020-05-12,81.18,81.69,76.19,76.76,73.460367183255,1795449,0.0000,1.0
2020-05-11,83.37,83.49,80.89,80.98,77.4989647537779,1164567,0.0000,1.0
2020-05-08,82.86,84.75,82.55,84.39,80.7623812740345,1239553,0.0000,1.0
2020-05-07,80.77,82.4,80.58,81.03,77.5468154358931,1820630,0.0000,1.0
2020-05-06,82.41,82.44,79.74,79.82,76.3888289287053,1712489,0.0000,1.0
2020-05-05,78.95,83.71,78.0,82.16,78.6282408516966,3443112,0.0000,1.0
2020-05-04,86.1,86.1,84.54,85.15,81.4897116421856,1158049,0.0000,1.0
2020-05-01,85.92,86.97,85.01,86.81,83.0783542884102,960146,0.0000,1.0
2020-04-30,88.72,89.37,87.15,87.42,83.6621326102157,1215547,0.0000,1.0
2020-04-29,89.99,91.08,88.92,90.34,86.4566124457433,1125090,0.0000,1.0
2020-04-28,87.79,89.56,86.88,87.64,83.8726756115225,1948711,0.0000,1.0
2020-04-27,84.43,86.58,84.38,86.37,82.6572682857965,1547911,0.0000,1.0
2020-04-24,84.2,84.59,82.72,84.03,80.4178563628051,1215229,0.0000,1.0
2020-04-23,83.28,84.77,82.28,83.69,80.0924717244217,1878154,0.0000,1.0
2020-04-22,81.87,82.45,80.7,81.84,78.3219964861593,1554812,0.0000,1.0
2020-04-21,84.12,84.14,79.98,80.5,77.039598205472,1931599,0.0000,1.0
2020-04-20,86.07,87.75,84.0,85.02,81.3652998686861,1400988,0.0000,1.0
2020-04-17,88.46,91.68,86.73,89.91,86.0450965795526,2561744,0.0000,1.0
2020-04-16,86.82,87.22,84.65,85.77,82.0830601004141,1910834,0.0000,1.0
2020-04-15,89.45,90.58,86.52,86.72,82.9922230606029,1120482,0.0000,1.0
2020-04-14,91.63,92.68,90.85,92.13,88.1696668654675,1026903,0.0000,1.0
2020-04-13,90.68,91.38,87.82,89.81,85.9493952153222,1051886,0.0000,1.0
2020-04-09,89.7,94.31,89.23,91.6,87.6624496350464,1281645,0.0000,1.0
2020-04-08,87.95,89.24,86.54,87.87,84.0927887492525,1740907,0.0000,1.0
2020-04-07,90.1,92.55,87.65,88.17,84.3798928419437,1511975,0.0000,1.0
2020-04-06,84.0,88.13,83.11,87.04,83.2984674261401,2026939,0.0000,1.0
2020-04-03,81.66,84.13,78.57,80.03,76.5898017935891,1654521,0.0000,1.0
2020-04-02,80.67,83.24,80.26,82.86,79.2981504013094,1403930,0.0000,1.0
2020-04-01,78.42,81.87,77.0,80.89,77.4128335259705,1900109,0.0000,1.0
2020-03-31,82.85,84.3,80.57,82.59,79.0397567178873,2048124,0.0000,1.0
2020-03-30,81.68,85.62,81.33,84.3,80.6762500462272,1714506,0.0000,1.0
2020-03-27,84.4,85.0,80.5,82.67,79.1163178092717,1610216,0.0000,1.0
2020-03-26,84.54,92.42,84.22,86.88,83.1453452433715,2377441,0.0000,1.0
2020-03-25,76.86,87.27,76.23,85.12,81.4610012329165,2103121,0.0000,1.0
2020-03-24,74.87,78.99,73.4,76.81,73.5082178653702,2254022,0.0000,1.0
2020-03-23,73.85,75.44,70.0,71.26,68.196792150583,2112082,0.0000,1.0
2020-03-20,82.11,84.11,73.42,75.68,72.4267924495667,2670582,0.0000,1.0
2020-03-19,81.06,85.61,77.75,81.73,78.2167249855059,2217543,0.0000,1.0
2020-03-18,88.86,90.16,70.33,83.01,79.441702447655,3013532,0.0000,1.0
2020-03-17,92.8,94.31,88.27,93.21,89.2032415991558,3582856,0.0000,1.0
2020-03-16,90.19,103.02,90.19,92.19,88.2270876840057,2747460,0.0000,1.0
2020-03-13,100.43,104.65,96.37,103.44,98.9934911599257,2770444,0.0000,1.0
2020-03-12,100.04,102.99,92.01,96.33,92.1891241631443,3885031,0.5300,1.0
2020-03-11,104.32,109.21,103.24,107.0,101.840143355941,3001248,0.0000,1.0
2020-03-10,107.25,108.41,100.42,107.07,101.906767748791,2582128,0.0000,1.0
2020-03-09,107.57,107.64,103.4,105.28,100.20308684592,3377554,0.0000,1.0
2020-03-06,110.48,113.5,107.28,112.53,107.103470391066,3251243,0.0000,1.0
2020-03-05,114.2,115.97,111.52,112.43,107.008292686995,3181443,0.0000,1.0
2020-03-04,108.96,118.1,108.13,117.82,112.13837093642,3380353,0.0000,1.0
2020-03-03,101.09,109.53,100.315,106.06,100.945472937674,4094322,0.0000,1.0
2020-03-02,100.6,104.92,98.42,100.55,95.7011814433632,1840238,0.0000,1.0
2020-02-28,128.19,131.27,125.27,129.04,122.817309333183,3113264,0.0000,1.0
2020-02-27,136.64,138.36,132.2,132.51,126.119975664446,2811322,0.0000,1.0
2020-02-26,139.02,140.29,137.2,138.76,132.068582168882,1943037,0.0000,1.0
2020-02-25,142.67,143.03,137.42,138.01,131.35474938835,1918926,0.0000,1.0
2020-02-24,141.76,143.24,140.41,142.08,135.228481944038,2108141,0.0000,1.0
2020-02-21,145.14,146.51,144.68,145.64,138.616808208965,1521561,0.0000,1.0
2020-02-20,145.19,146.85,144.44,146.01,138.968965714027,1907314,0.0000,1.0
2020-02-19,145.21,146.23,144.54,145.83,138.7976458467,2471760,0.0000,1.0
2020-02-18,145.78,146.22,143.88,144.97,137.979117591689,1178429,0.0000,1.0
2020-02-14,145.9,146.6,145.07,146.55,139.482925316011,940257,0.0000,1.0
2020-02-13,144.86,146.16,144.47,145.62,138.597772668151,1322913,0.0000,1.0
2020-02-12,144.95,146.07,144.64,145.59,138.569219356929,1859629,0.0000,1.0
2020-02-11,144.03,144.77,143.17,144.36,137.398533596856,1372802,0.0000,1.0
2020-02-10,141.22,144.39,140.72,144.11,137.160589336679,2106573,0.0000,1.0
2020-02-07,141.91,143.53,141.05,141.81,134.971502143047,1783659,0.0000,1.0
2020-02-06,141.83,142.7,140.83,142.41,135.542568367472,1367192,0.0000,1.0
2020-02-05,139.85,142.165,139.24,141.76,134.923913291011,1640781,0.0000,1.0
2020-02-04,137.21,139.4,137.01,138.53,131.849673449519,2086708,0.0000,1.0
2020-02-03,133.74,136.51,133.64,136.19,129.622515174258,1943549,0.0000,1.0
2020-01-31,134.27,135.14,132.5,133.23,126.805255133757,2216221,0.0000,1.0
2020-01-30,133.55,135.29,132.12,135.14,128.623149281513,2487037,0.0000,1.0
2020-01-29,128.39,134.91,128.39,134.29,127.814138796909,3118409,0.0000,1.0
2020-01-28,129.51,131.82,128.29,130.78,124.473401384018,2115437,0.0000,1.0
2020-01-27,128.92,130.21,128.12,129.03,122.807791562776,1575592,0.0000,1.0
2020-01-24,132.36,132.36,129.73,130.6,124.302081516691,1872567,0.0000,1.0
2020-01-23,131.0,132.32,130.48,132.29,125.91058471549,1604496,0.0000,1.0
2020-01-22,133.09,133.23,131.64,131.64,125.291929639029,768525,0.0000,1.0
2020-01-21,133.1,133.65,131.98,132.35,125.967691337933,1306262,0.0000,1.0
2020-01-17,133.27,134.24,133.16,133.92,127.461981291847,1373379,0.0000,1.0
2020-01-16,132.0,132.97,131.62,132.89,126.481650939916,970597,0.0000,1.0
2020-01-15,130.6,131.38,130.24,131.31,124.977843215594,925602,0.0000,1.0
2020-01-14,131.48,131.69,130.4,130.88,124.568579088089,1213766,0.0000,1.0
2020-01-13,131.18,131.87,130.94,131.35,125.015914297223,1004567,0.0000,1.0
2020-01-10,131.03,132.5,130.81,131.18,124.854112200302,1485525,0.0000,1.0
2020-01-09,131.3,131.84,130.26,130.52,124.225939353434,1270653,0.0000,1.0
2020-01-08,131.68,132.34,131.09,131.24,124.911218822745,1011112,0.0000,1.0
2020-01-07,131.29,132.33,131.1,131.45,125.111092001294,1374106,0.0000,1.0
2020-01-06,132.41,132.78,130.88,131.99,125.625051603277,1370509,0.0000,1.0
2020-01-03,132.34,133.74,132.14,133.15,126.7291129705,885970,0.0000,1.0
2020-01-02,133.33,134.35,132.68,134.35,127.871245419352,1674338,0.0000,1.0
2019-12-31,132.8,133.49,132.27,132.92,126.510204251137,916956,0.0000,1.0
2019-12-30,134.28,134.28,132.65,132.89,126.481650939916,907451,0.0000,1.0
2019-12-27,134.22,134.74,133.96,134.35,127.871245419352,694403,0.0000,1.0
2019-12-26,134.82,134.82,133.31,133.88,127.423910210218,974786,0.0000,1.0
2019-12-24,134.97,134.98,133.98,134.59,128.099671909122,266048,0.0000,1.0
2019-12-23,135.3,135.3,134.17,134.8,128.299545087671,1192879,0.0000,1.0
2019-12-20,134.22,138.33,133.26,135.01,128.49941826622,2913035,0.0000,1.0
2019-12-19,133.11,133.79,132.74,133.55,127.109823786784,1574546,0.0000,1.0
2019-12-18,133.95,133.99,132.36,133.15,126.7291129705,1318574,0.0000,1.0
2019-12-17,133.9,134.4,132.91,133.61,127.166930409227,1031358,0.0000,1.0
2019-12-16,134.46,134.46,133.33,133.34,126.909950608235,1106127,0.0000,1.0
2019-12-13,133.95,134.64,133.06,133.81,127.357285817369,1016040,0.0000,1.0
2019-12-12,133.57,134.71,132.64,134.39,127.90931650098,1449696,0.0000,1.0
2019-12-11,131.57,133.08,130.58,133.01,126.595864184801,1120493,0.0000,1.0
2019-12-10,131.09,132.1,130.81,131.1,124.777970037045,2042869,0.0000,1.0
2019-12-09,131.3,132.28,131.04,131.31,124.977843215594,1138192,0.0000,1.0
2019-12-06,134.37,134.61,131.13,131.69,125.339518491064,2181808,0.0000,1.0
2019-12-05,128.28,129.32,127.85,129.02,122.798273792369,1017357,0.5300,1.0
2019-12-04,129.38,130.76,128.56,128.58,121.878827049192,1130216,0.0000,1.0
2019-12-03,128.08,128.77,127.04,128.09,121.414364261402,1369659,0.0000,1.0
2019-12-02,131.52,131.52,129.27,129.29,122.551824149868,1030375,0.0000,1.0
2019-11-29,131.75,132.06,130.91,131.11,124.276971647376,502382,0.0000,1.0
2019-11-27,130.75,132.13,130.27,131.78,124.912053418436,1099230,0.0000,1.0
2019-11-26,130.68,131.11,130.33,130.65,123.840945356797,2393027,0.0000,1.0
2019-11-25,130.21,131.37,129.92,130.85,124.030522004875,865698,0.0000,1.0
2019-11-22,129.93,130.26,129.05,130.1,123.319609574583,955608,0.0000,1.0
2019-11-21,129.81,130.07,128.63,129.47,122.722443133138,1347536,0.0000,1.0
2019-11-20,129.55,130.44,128.76,129.84,123.073159932082,1943845,0.0000,1.0
2019-11-19,130.62,131.0,129.61,130.26,123.471270893045,1406619,0.0000,1.0
2019-11-18,128.45,130.36,128.16,130.32,123.528143887469,1518874,0.0000,1.0
2019-11-15,128.31,128.75,127.67,128.7,121.992573038039,1614261,0.0000,1.0
2019-11-14,127.64,128.19,126.87,127.68,121.025732132842,880082,0.0000,1.0
2019-11-13,128.71,128.9,127.77,127.82,121.158435786497,1362170,0.0000,1.0
2019-11-12,129.98,130.35,129.2,129.55,122.798273792369,912832,0.0000,1.0
2019-11-11,129.3,130.14,128.99,130.01,123.234300082948,961765,0.0000,1.0
2019-11-08,128.95,130.48,128.77,130.44,123.641889876315,1021186,0.0000,1.0
2019-11-07,132.01,132.42,128.79,129.1,122.371726334194,1468049,0.0000,1.0
2019-11-06,130.39,131.51,129.48,131.45,124.599251949108,1190721,0.0000,1.0
2019-11-05,131.15,131.88,130.55,130.76,123.94521251324,1502011,0.0000,1.0
2019-11-04,129.88,131.46,129.65,131.2,124.362281139011,1677184,0.0000,1.0
2019-11-01,128.04,129.35,127.46,128.87,122.153713188905,1547651,0.0000,1.0
2019-10-31,127.44,127.79,125.64,126.89,120.276904372935,1583030,0.0000,1.0
2019-10-30,127.31,127.85,126.25,127.79,121.129999289285,1793050,0.0000,1.0
2019-10-29,124.42,128.7,122.57,127.87,121.205829948516,3292852,0.0000,1.0
2019-10-28,121.6,122.8,121.45,122.08,115.717585986665,1761675,0.0000,1.0
2019-10-25,119.84,121.44,119.29,121.06,114.750745081468,1274641,0.0000,1.0
2019-10-24,118.73,119.81,117.98,119.75,113.509018036559,789848,0.0000,1.0
2019-10-23,117.79,119.21,117.14,118.73,112.542177131362,1151650,0.0000,1.0
2019-10-22,117.75,118.94,116.31,118.29,112.125108505591,1392056,0.0000,1.0
2019-10-21,117.96,119.72,117.45,117.96,111.812307036263,2378152,0.0000,1.0
2019-10-18,116.49,117.99,116.36,117.3,111.186704097606,1677355,0.0000,1.0
2019-10-17,116.62,117.83,116.57,116.86,110.769635471835,1008286,0.0000,1.0
2019-10-16,116.07,116.94,115.42,116.07,110.020807711928,1153147,0.0000,1.0
2019-10-15,115.97,116.53,115.09,116.05,110.00185004712,1836365,0.0000,1.0
2019-10-14,115.34,115.83,114.71,115.33,109.31937411404,1258664,0.0000,1.0
2019-10-11,115.31,117.76,115.24,115.38,109.36676827606,1277117,0.0000,1.0
2019-10-10,113.72,114.77,113.36,114.09,108.143998895958,1198081,0.0000,1.0
2019-10-09,114.01,114.8,112.67,114.1,108.153477728362,1135367,0.0000,1.0
2019-10-08,115.37,115.7,112.8,113.02,107.129763828742,1539035,0.0000,1.0
2019-10-07,117.97,117.97,116.38,116.45,110.381003343276,1073150,0.0000,1.0
2019-10-04,117.68,118.57,117.5,118.56,112.381036980496,1050821,0.0000,1.0
2019-10-03,116.16,118.17,115.19,117.61,111.480547902127,1124646,0.0000,1.0
2019-10-02,119.02,119.46,115.73,116.62,110.542143494142,1216153,0.0000,1.0
2019-10-01,123.73,124.29,119.81,120.1,113.840777170695,1011472,0.0000,1.0
2019-09-30,124.02,124.18,122.63,123.21,116.788694048304,1059319,0.0000,1.0
2019-09-27,124.42,124.74,122.42,123.56,117.12045318244,886029,0.0000,1.0
2019-09-26,123.21,124.08,122.45,123.48,117.044622523209,1129377,0.0000,1.0
2019-09-25,122.81,123.82,122.15,123.23,116.807651713112,1086273,0.0000,1.0
2019-09-24,123.36,124.12,122.13,122.75,116.352667757725,1151633,0.0000,1.0
2019-09-23,122.55,123.89,121.89,123.08,116.665469227054,781148,0.0000,1.0
2019-09-20,124.4,124.66,123.13,123.15,116.731821053881,1312614,0.0000,1.0
2019-09-19,124.13,125.04,123.81,123.97,117.509085311,737293,0.0000,1.0
2019-09-18,123.77,124.54,122.9,123.93,117.471169981384,794540,0.0000,1.0
2019-09-17,123.55,124.72,123.23,124.43,117.945111601579,767775,0.0000,1.0
2019-09-16,124.03,124.42,123.39,123.93,117.471169981384,947031,0.0000,1.0
2019-09-13,124.0,124.86,123.17,124.32,117.840844445136,1067690,0.0000,1.0
2019-09-12,123.5,124.41,123.1,123.5,117.063580188017,1006817,0.0000,1.0
2019-09-11,121.34,123.5,120.55,123.47,117.035143690805,1114362,0.0000,1.0
2019-09-10,121.31,121.31,119.38,121.17,114.855012237911,1417804,0.0000,1.0
2019-09-09,122.1,122.54,120.93,121.28,114.959279394354,1650496,0.0000,1.0
2019-09-06,121.7,122.39,121.37,121.6,115.262602031278,974114,0.0000,1.0
2019-09-05,120.07,121.78,120.07,121.41,115.082504215604,969846,0.5300,1.0
2019-09-04,119.2,119.71,118.88,119.39,112.675907645572,938896,0.0000,1.0
2019-09-03,120.0,120.37,118.13,118.59,111.920896956934,1117754,0.0000,1.0
2019-08-30,121.22,121.79,120.69,121.09,114.280305358927,1011823,0.0000,1.0
2019-08-29,118.84,120.61,118.83,120.18,113.421480700601,1357790,0.0000,1.0
2019-08-28,115.82,117.87,115.75,117.5,110.892194893665,887118,0.0000,1.0
2019-08-27,115.76,116.76,115.5,116.51,109.957869166476,1355184,0.0000,1.0
2019-08-26,115.52,115.95,113.87,115.28,108.797040232695,1246326,0.0000,1.0
2019-08-23,117.14,117.88,114.49,114.96,108.49503595724,1298595,0.0000,1.0
2019-08-22,118.84,119.42,117.33,117.99,111.354638940456,837272,0.0000,1.0
2019-08-21,119.3,119.77,118.13,118.66,111.98696039219,732051,0.0000,1.0
2019-08-20,118.47,118.97,117.37,118.14,111.496203444575,1061510,0.0000,1.0
2019-08-19,119.63,119.67,118.33,118.57,111.902021689718,858927,0.0000,1.0
2019-08-16,117.75,118.8,117.3,117.88,111.250824970768,1267505,0.0000,1.0
2019-08-15,116.36,117.45,115.54,116.46,109.910680998436,1070038,0.0000,1.0
2019-08-14,118.22,118.83,115.87,116.29,109.7502412271,993881,0.0000,1.0
2019-08-13,117.47,120.86,117.18,120.22,113.459231235033,1140290,0.0000,1.0
2019-08-12,118.94,119.06,117.43,117.74,111.118698100256,986400,0.0000,1.0
2019-08-09,120.25,120.78,118.93,119.39,112.675907645572,925596,0.0000,1.0
2019-08-08,120.26,121.27,120.1,120.95,114.148178488415,1006816,0.0000,1.0
2019-08-07,118.18,119.65,117.79,119.22,112.515467874236,1720493,0.0000,1.0
2019-08-06,118.7,119.74,118.2,119.49,112.770283981651,988606,0.0000,1.0
2019-08-05,119.17,119.6,116.92,118.0,111.364076574064,1762432,0.0000,1.0
2019-08-02,121.28,121.88,119.91,120.88,114.082115053159,1426988,0.0000,1.0
2019-08-01,123.22,125.31,121.4,121.73,114.884313909837,1222960,0.0000,1.0
2019-07-31,126.18,126.23,122.47,123.66,116.705777196175,1980432,0.0000,1.0
2019-07-30,122.32,127.2,120.26,126.6,119.480441476919,2581094,0.0000,1.0
2019-07-29,122.51,122.75,121.56,122.22,115.346757956628,1319878,0.0000,1.0
2019-07-26,122.65,122.98,121.73,122.58,115.686512766515,1517139,0.0000,1.0
2019-07-25,124.2,124.2,122.29,122.42,115.535510628787,1342710,0.0000,1.0
2019-07-24,123.6,125.0,123.14,124.09,117.111595441318,1256165,0.0000,1.0
2019-07-23,124.46,124.6,122.54,124.45,117.451350251205,1505304,0.0000,1.0
2019-07-22,123.47,125.02,123.47,124.53,117.526851320069,1094574,0.0000,1.0
2019-07-19,125.72,126.17,124.44,124.7,117.687291091404,1323512,0.0000,1.0
2019-07-18,124.22,125.69,124.01,125.25,118.206360939843,959763,0.0000,1.0
2019-07-17,127.91,128.23,125.13,125.17,118.130859870979,1259343,0.0000,1.0
2019-07-16,127.39,128.31,126.83,128.13,120.924399418939,1239430,0.0000,1.0
2019-07-15,127.08,127.74,126.83,127.17,120.018386592573,913962,0.0000,1.0
2019-07-12,125.16,126.81,125.08,126.62,119.499316744135,1486090,0.0000,1.0
2019-07-11,124.58,124.75,123.26,124.55,117.545726587285,1432743,0.0000,1.0
2019-07-10,125.0,125.49,123.84,124.21,117.224847044614,1401670,0.0000,1.0
2019-07-09,124.37,124.76,123.6,124.04,117.064407273278,1516383,0.0000,1.0
2019-07-08,124.53,126.03,124.35,125.35,118.300737275923,1224602,0.0000,1.0
2019-07-05,124.75,124.83,122.97,124.81,117.791105061092,941480,0.0000,1.0
2019-07-03,125.24,126.2,124.06,125.55,118.489489948082,1422310,0.0000,1.0
2019-07-02,127.02,127.35,125.21,125.76,118.687680253849,1403526,0.0000,1.0
2019-07-01,127.63,128.0,126.2,127.69,120.509143540188,930383,0.0000,1.0
2019-06-28,124.48,126.91,124.48,126.67,119.546504912175,2956764,0.0000,1.0
2019-06-27,124.67,125.69,124.28,124.35,117.356973915125,1047614,0.0000,1.0
2019-06-26,125.11,125.65,123.88,124.51,117.507976052853,1100747,0.0000,1.0
2019-06-25,125.5,126.03,124.77,124.87,117.84773086274,1078785,0.0000,1.0
2019-06-24,125.84,127.05,125.54,125.59,118.527240482514,1526919,0.0000,1.0
2019-06-21,125.89,126.03,124.99,125.16,118.121422237371,1894998,0.0000,1.0
2019-06-20,124.96,126.56,124.28,126.11,119.017997430128,1302367,0.0000,1.0
2019-06-19,123.31,124.05,122.54,123.72,116.762402997823,1013309,0.0000,1.0
2019-06-18,123.63,124.4,122.96,123.26,116.328271851857,1487831,0.0000,1.0
2019-06-17,124.86,124.93,122.68,122.77,115.865827805066,1077321,0.0000,1.0
2019-06-14,124.51,125.35,123.39,124.68,117.668415824189,1037519,0.0000,1.0
2019-06-13,124.48,124.7,123.64,124.35,117.356973915125,2047449,0.0000,1.0
2019-06-12,123.41,124.44,122.67,123.98,117.007781471631,1449663,0.0000,1.0
2019-06-11,126.54,126.9,122.99,123.33,116.394335287112,2011014,0.0000,1.0
2019-06-10,125.94,127.08,125.26,125.35,118.300737275923,988721,0.0000,1.0
2019-06-07,125.57,125.95,124.49,125.35,118.300737275923,883124,0.0000,1.0
2019-06-06,123.99,125.01,122.87,124.95,117.923231931604,1015680,0.5300,1.0
2019-06-05,123.93,124.99,123.39,124.08,116.60754397572,1227025,0.0000,1.0
2019-06-04,121.61,123.23,121.09,123.16,115.742949033283,1342876,0.0000,1.0
2019-06-03,118.79,121.14,118.79,120.73,113.459290652714,1569354,0.0000,1.0
2019-05-31,118.6,119.26,118.15,118.34,111.213223356599,1350898,0.0000,1.0
2019-05-30,118.6,119.89,118.59,119.69,112.481922456915,1606368,0.0000,1.0
2019-05-29,118.11,118.9,117.5,118.27,111.147438958804,1549671,0.0000,1.0
2019-05-28,120.19,120.58,118.59,118.6,111.457565405548,2035156,0.0000,1.0
2019-05-24,121.26,121.81,120.14,120.19,112.951811012587,983167,0.0000,1.0
2019-05-23,121.46,121.48,120.13,120.76,113.487483966054,1427483,0.0000,1.0
2019-05-22,122.72,123.65,122.29,122.29,114.925342946412,1022020,0.0000,1.0
2019-05-21,122.23,123.77,121.96,123.55,116.109462106707,1362773,0.0000,1.0
2019-05-20,120.27,121.42,119.7,121.34,114.032554690634,1015887,0.0000,1.0
2019-05-17,120.59,122.17,120.51,120.82,113.543870592735,755059,0.0000,1.0
2019-05-16,121.67,122.66,121.55,121.9,114.558829872988,1087739,0.0000,1.0
2019-05-15,120.59,121.88,120.14,121.32,114.013759148407,948617,0.0000,1.0
2019-05-14,120.75,122.22,120.39,121.22,113.919781437273,1025975,0.0000,1.0
2019-05-13,119.79,120.8,119.07,120.42,113.167959748197,1348021,0.0000,1.0
2019-05-10,120.94,123.42,119.95,122.81,115.414027044312,1273331,0.0000,1.0
2019-05-09,120.0,121.73,119.57,121.54,114.220510112903,1425346,0.0000,1.0
2019-05-08,121.15,122.44,120.55,121.5,114.18291902845,1893687,0.0000,1.0
2019-05-07,121.82,123.04,120.85,122.0,114.652807584122,1869034,0.0000,1.0
2019-05-06,122.43,123.53,121.89,123.44,116.006086624459,1144006,0.0000,1.0
2019-05-03,124.0,125.26,123.86,124.69,117.180808013641,1473799,0.0000,1.0
2019-05-02,122.22,123.46,121.19,123.27,115.846324515531,1371188,0.0000,1.0
2019-05-01,123.0,123.9,121.18,122.05,114.699796439689,2325108,0.0000,1.0
2019-04-30,121.51,123.69,119.0,122.61,115.226071622043,4780261,0.0000,1.0
2019-04-29,118.3,121.85,118.05,120.46,113.205550832651,4320844,0.0000,1.0
2019-04-26,112.07,113.32,111.9,113.11,106.298189064263,1158601,0.0000,1.0
2019-04-25,112.34,112.87,111.57,111.85,105.114069903968,1089150,0.0000,1.0
2019-04-24,113.48,114.26,112.59,113.29,106.467348944305,1245579,0.0000,1.0
2019-04-23,112.75,113.76,112.54,113.4,106.570724426553,1303086,0.0000,1.0
2019-04-22,112.52,113.11,111.73,112.87,106.07264255754,795035,0.0000,1.0
2019-04-18,112.83,113.42,112.33,112.79,105.997460388632,2007299,0.0000,1.0
2019-04-17,114.25,114.35,112.78,112.83,106.035051473086,1361744,0.0000,1.0
2019-04-16,114.32,114.41,113.53,113.77,106.918441957751,1181687,0.0000,1.0
2019-04-15,114.22,114.55,113.62,113.98,107.115795151133,1039035,0.0000,1.0
2019-04-12,113.46,114.5,113.46,114.41,107.519899309012,1551872,0.0000,1.0
2019-04-11,111.19,112.75,110.64,112.68,105.894084906384,1331888,0.0000,1.0
2019-04-10,111.45,111.45,110.01,110.99,104.305861588211,1330874,0.0000,1.0
2019-04-09,112.28,112.31,111.16,111.22,104.52201032382,1312687,0.0000,1.0
2019-04-08,112.0,112.54,111.89,112.53,105.753118339683,1187616,0.0000,1.0
2019-04-05,112.65,113.45,112.04,112.6,105.818902737477,1124028,0.0000,1.0
2019-04-04,111.74,112.57,111.27,112.34,105.574560688527,1831843,0.0000,1.0
2019-04-03,110.84,111.38,110.27,110.7,104.033326225921,1413429,0.0000,1.0
2019-04-02,110.45,111.0,109.52,110.26,103.619824296929,883792,0.0000,1.0
2019-04-01,109.0,110.35,108.99,110.18,103.544642128021,1428645,0.0000,1.0
2019-03-29,107.95,108.46,107.29,107.95,101.448939169721,1166627,0.0000,1.0
2019-03-28,106.42,107.67,106.16,107.42,100.950857300708,1141237,0.0000,1.0
2019-03-27,105.96,106.4,105.3,105.86,99.4848050070097,808784,0.0000,1.0
2019-03-26,105.48,106.13,105.14,105.75,99.3814295247617,1556038,0.0000,1.0
2019-03-25,104.41,105.59,103.99,104.7,98.3946635578492,932747,0.0000,1.0
2019-03-22,105.64,106.0,103.97,104.23,97.9529683155169,1004190,0.0000,1.0
2019-03-21,104.77,106.72,104.72,106.33,99.9265002493419,649062,0.0000,1.0
2019-03-20,106.45,106.45,104.26,104.91,98.5920167512317,1393010,0.0000,1.0
2019-03-19,107.56,107.75,105.97,106.53,100.114455671611,1161724,0.0000,1.0
2019-03-18,105.6,107.06,105.6,107.05,100.603139769511,1398839,0.0000,1.0
2019-03-15,106.28,106.69,105.82,106.1,99.7103515137325,1743148,0.0000,1.0
2019-03-14,106.4,106.94,105.7,105.95,99.5693849470307,968549,0.0000,1.0
2019-03-13,106.37,107.09,105.82,106.41,100.00168241825,1292729,0.0000,1.0
2019-03-12,105.73,106.07,105.38,105.98,99.5975782603711,1195297,0.0000,1.0
2019-03-11,104.17,105.62,103.82,105.37,99.0243142224505,1323756,0.0000,1.0
2019-03-08,103.24,104.4,102.69,104.3,98.018752713311,1686192,0.0000,1.0
2019-03-07,105.38,105.38,103.3,104.37,98.0845371111052,1422372,0.5300,1.0
2019-03-06,106.75,107.35,106.16,106.37,99.4590296711941,1341977,0.0000,1.0
2019-03-05,107.01,107.01,105.97,106.0,99.1130689587908,1533063,0.0000,1.0
2019-03-04,106.71,106.96,104.78,105.5,98.6455544825701,1461439,0.0000,1.0
2019-03-01,106.47,106.9,105.56,106.05,99.1598204064128,1289585,0.0000,1.0
2019-02-28,106.7,106.79,105.34,105.56,98.7016562197166,2412104,0.0000,1.0
2019-02-27,105.96,106.98,105.74,106.96,100.010696753135,1245825,0.0000,1.0
2019-02-26,106.83,107.63,106.3,106.35,99.4403290921453,1595112,0.0000,1.0
2019-02-25,106.9,107.64,106.64,106.93,99.9826458845613,1250494,0.0000,1.0
2019-02-22,105.77,106.62,105.33,106.33,99.4216285130964,886035,0.0000,1.0
2019-02-21,105.16,105.6,104.71,105.55,98.6923059301921,1111127,0.0000,1.0
2019-02-20,105.24,105.96,105.04,105.57,98.711006509241,1035338,0.0000,1.0
2019-02-19,104.28,105.905,104.17,105.0,98.1780400063493,1263851,0.0000,1.0
2019-02-15,104.41,104.91,104.24,104.73,97.9255821891902,1300719,0.0000,1.0
2019-02-14,104.39,104.47,103.43,103.5,96.7754965776872,1133399,0.0000,1.0
2019-02-13,103.87,105.06,103.87,104.59,97.7946781358484,1094288,0.0000,1.0
2019-02-12,102.79,104.38,102.79,103.75,97.0092538157976,1562806,0.0000,1.0
2019-02-11,101.93,102.62,101.18,102.51,95.8498179147702,1527796,0.0000,1.0
2019-02-08,100.96,101.94,100.22,101.92,95.2981508328298,1363489,0.0000,1.0
2019-02-07,100.2,101.48,99.8,101.22,94.6436305661208,1344636,0.0000,1.0
2019-02-06,101.1,101.55,100.7,100.85,94.2976698537174,1498803,0.0000,1.0
2019-02-05,100.43,101.4,100.43,101.29,94.7090825927917,1498195,0.0000,1.0
2019-02-04,101.23,101.23,100.03,100.68,94.1387149318024,1532351,0.0000,1.0
2019-02-01,100.08,101.22,99.73,101.08,94.512726512779,2408770,0.0000,1.0
2019-01-31,100.36,100.36,98.66,100.04,93.5402964022399,2360019,0.0000,1.0
2019-01-30,97.61,101.44,95.67,100.55,94.017161167985,4149322,0.0000,1.0
2019-01-29,94.99,97.08,94.63,96.75,90.4640511487076,2102494,0.0000,1.0
2019-01-28,93.19,94.47,93.05,94.44,88.3041342685679,1505394,0.0000,1.0
2019-01-25,94.98,95.67,94.27,94.47,88.3321851371412,1100739,0.0000,1.0
2019-01-24,93.68,94.45,93.56,93.9,87.7992186342496,1509177,0.0000,1.0
2019-01-23,93.7,94.5,92.24,93.46,87.3878058951753,1570575,0.0000,1.0
2019-01-22,95.0,95.3,92.56,93.0,86.9576925770523,1641473,0.0000,1.0
2019-01-18,94.44,96.65,94.32,96.11,89.8656326191451,2288915,0.0000,1.0
2019-01-17,93.1,94.16,92.81,93.67,87.584161975188,2578574,0.0000,1.0
2019-01-16,94.13,94.64,93.65,93.78,87.6870151599566,1672732,0.0000,1.0
2019-01-15,95.33,95.4,93.46,94.24,88.1171284780796,1310479,0.0000,1.0
2019-01-14,94.4,95.3,93.91,95.06,88.8838522190816,803474,0.0000,1.0
2019-01-11,94.57,95.03,94.05,94.96,88.7903493238375,848211,0.0000,1.0
2019-01-10,94.0,95.35,93.47,95.27,89.0802082990943,1054112,0.0000,1.0
2019-01-09,93.01,95.03,93.0,94.4,88.2667331104703,1801952,0.0000,1.0
2019-01-08,93.18,93.7,91.74,92.55,86.5369295484536,1568599,0.0000,1.0
2019-01-07,93.15,93.46,91.96,92.13,86.1442173884282,1569786,0.0000,1.0
2019-01-04,91.35,93.18,90.76,93.1,87.0511954722964,1912145,0.0000,1.0
2019-01-03,90.96,91.45,89.51,90.03,84.1806565883013,2387090,0.0000,1.0
2019-01-02,89.86,91.61,89.09,91.5,85.5551491483901,1987962,0.0000,1.0
2018-12-31,91.33,91.72,90.17,91.23,85.302691331231,1172738,0.0000,1.0
2018-12-28,91.47,92.44,90.55,91.06,85.1437364093159,1219256,0.0000,1.0
2018-12-27,88.46,91.23,87.18,91.23,85.302691331231,1494794,0.0000,1.0
2018-12-26,86.62,89.64,85.15,89.61,83.7879444282759,1157374,0.0000,1.0
2018-12-24,88.64,88.9,86.25,86.31,80.7023488852192,719708,0.0000,1.0
2018-12-21,90.5,92.95,88.71,88.96,83.1801756091889,3060098,0.0000,1.0
2018-12-20,91.79,92.97,90.14,91.05,85.1343861197915,1850061,0.0000,1.0
2018-12-19,94.72,95.97,91.87,92.59,86.5743307065513,2026715,0.0000,1.0
2018-12-18,94.81,95.86,93.83,94.58,88.4350383219097,1721239,0.0000,1.0
2018-12-17,95.94,95.94,92.9,93.7,87.6122128437613,1996090,0.0000,1.0
2018-12-14,96.62,97.9,95.55,95.97,89.7347285658033,1694443,0.0000,1.0
2018-12-13,98.52,98.85,96.71,97.28,90.9596164935016,1359197,0.0000,1.0
2018-12-12,98.47,99.82,98.07,98.09,91.7169899449791,1441921,0.0000,1.0
2018-12-11,99.73,100.14,96.89,97.21,90.8941644668307,1409454,0.0000,1.0
2018-12-10,98.24,98.54,95.89,97.73,91.3803795221002,1300653,0.0000,1.0
2018-12-07,101.44,102.05,97.66,97.98,91.6141367602106,1247520,0.0000,1.0
2018-12-06,100.53,101.42,97.89,101.21,94.6342802765964,2223329,0.5300,1.0
2018-12-04,105.7,106.76,102.22,102.44,95.2853909134513,2114181,0.0000,1.0
2018-12-03,105.63,107.08,104.61,105.63,98.2525951014043,1780514,0.0000,1.0
2018-11-30,103.45,105.55,102.78,103.52,96.2899616103131,2953583,0.0000,1.0
2018-11-29,102.62,103.92,101.69,103.37,96.1504379024156,1334184,0.0000,1.0
2018-11-28,100.66,103.79,100.55,102.94,95.7504699397762,1866987,0.0000,1.0
2018-11-27,100.49,101.38,99.64,100.5,93.4808842913105,1831769,0.0000,1.0
2018-11-26,102.56,102.83,100.55,100.99,93.936661737109,1697199,0.0000,1.0
2018-11-23,100.7,102.645,100.51,101.93,94.8110103065998,426241,0.0000,1.0
2018-11-21,100.51,102.78,100.46,101.78,94.6714865987024,1044007,0.0000,1.0
2018-11-20,102.79,102.8,99.94,100.18,93.1832337144626,2129036,0.0000,1.0
2018-11-19,103.98,104.9,102.8,103.26,96.0481205166242,1113134,0.0000,1.0
2018-11-16,103.65,105.18,103.53,104.35,97.0619927940125,1521657,0.0000,1.0
2018-11-15,100.42,104.37,100.15,103.72,96.4759932208431,1481407,0.0000,1.0
2018-11-14,102.95,103.44,100.94,101.63,94.5319628908049,1654971,0.0000,1.0
2018-11-13,101.66,104.29,101.36,102.47,95.3132956550308,1527858,0.0000,1.0
2018-11-12,102.91,102.91,101.01,101.15,94.085487025533,1096841,0.0000,1.0
2018-11-09,102.78,103.52,101.55,102.86,95.6760572955642,1401429,0.0000,1.0
2018-11-08,102.88,104.15,102.79,103.55,96.3178663518926,1404553,0.0000,1.0
2018-11-07,102.06,103.03,101.35,102.79,95.6109462318787,1294990,0.0000,1.0
2018-11-06,99.17,101.19,98.94,101.09,94.029677542374,1280113,0.0000,1.0
2018-11-05,98.99,99.79,98.5,99.14,92.2158693397067,1308993,0.0000,1.0
2018-11-02,99.0,99.61,97.53,98.18,91.3229176091629,1495743,0.0000,1.0
2018-11-01,96.2,98.95,95.8,98.45,91.5740602833783,1796194,0.0000,1.0
2018-10-31,97.28,97.77,95.85,95.94,89.2393635712272,2010086,0.0000,1.0
2018-10-30,93.48,96.08,93.17,95.96,89.2579667322802,2227510,0.0000,1.0
2018-10-29,95.92,96.15,92.14,93.33,86.8116510538111,2088369,0.0000,1.0
2018-10-26,94.04,96.23,93.25,94.32,87.7325075259344,2054812,0.0000,1.0
2018-10-25,94.69,96.8,94.04,95.52,88.8486971891142,3359448,0.0000,1.0
2018-10-24,92.69,94.25,92.07,92.57,86.1047309337972,4066265,0.0000,1.0
2018-10-23,90.7,92.45,89.75,91.91,85.4908266190483,3130529,0.0000,1.0
2018-10-22,93.82,94.18,91.75,93.0,86.5046988964366,2163546,0.0000,1.0
2018-10-19,96.24,96.63,93.35,93.83,87.276730080136,3916350,0.0000,1.0
2018-10-18,96.73,98.14,95.81,96.24,89.5184109870222,2196800,0.0000,1.0
2018-10-17,98.55,98.95,97.14,97.52,90.709013294414,1529397,0.0000,1.0
2018-10-16,97.87,99.02,97.5,98.75,91.8531076991733,1711193,0.0000,1.0
2018-10-15,97.18,98.09,96.57,97.11,90.3276484928275,1403246,0.0000,1.0
2018-10-12,97.39,97.91,95.72,97.14,90.355553234407,1684240,0.0000,1.0
2018-10-11,97.71,98.24,95.23,95.93,89.2300619907007,2121005,0.0000,1.0
2018-10-10,102.25,102.25,97.63,97.76,90.9322512270499,2782564,0.0000,1.0
2018-10-09,103.4,103.54,102.27,102.3,95.1551687860803,1534916,0.0000,1.0
2018-10-08,103.0,103.45,102.12,103.41,96.1876442245216,1131393,0.0000,1.0
2018-10-05,104.11,104.68,102.45,103.12,95.9178983892532,1325791,0.0000,1.0
2018-10-04,104.34,105.3,103.56,104.23,96.9503738276945,1281962,0.0000,1.0
2018-10-03,104.53,105.76,104.16,104.41,97.1178022771715,1659214,0.0000,1.0
2018-10-02,103.54,104.33,103.27,103.9,96.6434216703201,1225299,0.0000,1.0
2018-10-01,103.25,104.06,102.99,103.3,96.0853268387301,1273502,0.0000,1.0
2018-09-28,102.63,103.93,102.09,102.3,95.1551687860803,1341600,0.0000,1.0
2018-09-27,102.82,103.47,102.41,102.68,95.5086288460872,980495,0.0000,1.0
2018-09-26,102.72,103.42,102.22,102.38,95.2295814302923,1516075,0.0000,1.0
2018-09-25,102.81,103.33,102.08,102.84,95.6574541345112,1623985,0.0000,1.0
2018-09-24,103.88,104.01,101.95,102.54,95.3784067187162,1360341,0.0000,1.0
2018-09-21,104.26,104.55,103.65,104.03,96.7643422171645,2951034,0.0000,1.0
2018-09-20,103.62,103.92,102.96,103.44,96.2155489661011,1657399,0.0000,1.0
2018-09-19,103.58,103.77,102.68,102.97,95.7783746813557,2089650,0.0000,1.0
2018-09-18,103.15,103.8,100.99,103.41,96.1876442245216,1777197,0.0000,1.0
2018-09-17,103.61,103.7,102.91,103.02,95.8248825839882,1960934,0.0000,1.0
2018-09-14,103.5,104.25,103.28,103.4,96.1783426439951,1150277,0.0000,1.0
2018-09-13,103.42,103.51,102.2,103.26,96.0481205166242,2193058,0.0000,1.0
2018-09-12,101.95,103.1,101.7,102.85,95.6667557150377,1521913,0.0000,1.0
2018-09-11,102.18,103.19,101.41,102.03,94.9040261118648,1619349,0.0000,1.0
2018-09-10,101.09,102.7,101.05,102.5,95.3412003966102,1243822,0.0000,1.0
2018-09-07,100.7,100.89,99.7,100.29,93.2855511002541,1553578,0.0000,1.0
2018-09-06,102.63,103.03,101.08,101.24,94.1692012502714,1916141,0.5300,1.0
2018-09-05,101.54,103.35,101.36,103.03,95.3350968341895,2258339,0.0000,1.0
2018-09-04,101.17,101.85,100.78,101.82,94.215466948046,1433327,0.0000,1.0
2018-08-31,100.79,101.86,100.73,101.29,93.725050551636,1001050,0.0000,1.0
2018-08-30,101.48,101.83,100.88,101.13,93.5770003187575,868862,0.0000,1.0
2018-08-29,101.26,102.24,100.68,101.75,94.1506949711616,1261858,0.0000,1.0
2018-08-28,101.19,101.76,100.95,101.06,93.5122283418732,1077089,0.0000,1.0
2018-08-27,100.0,101.07,99.9,100.93,93.3919375276594,1110492,0.0000,1.0
2018-08-24,99.6,99.88,98.8,99.59,92.1520168273021,689168,0.0000,1.0
2018-08-23,99.59,99.7,98.82,99.43,92.0039665944236,725125,0.0000,1.0
2018-08-22,100.45,100.69,99.06,99.52,92.0872448504177,1075611,0.0000,1.0
2018-08-21,100.5,101.53,100.05,100.76,93.234634155226,1978852,0.0000,1.0
2018-08-20,100.0,100.47,99.5,99.83,92.3740921766198,1294644,0.0000,1.0
2018-08-17,99.07,100.06,98.69,99.81,92.35558589751,1096585,0.0000,1.0
2018-08-16,98.22,99.39,97.93,98.84,91.4580313606842,1643984,0.0000,1.0
2018-08-15,96.59,98.2,95.48,97.9,90.5882362425231,2096637,0.0000,1.0
2018-08-14,96.17,97.57,96.17,97.04,89.7924662408012,1275105,0.0000,1.0
2018-08-13,96.49,96.81,95.67,96.04,88.8671522853107,1189244,0.0000,1.0
2018-08-10,96.43,96.71,95.74,96.25,89.0614682159637,939643,0.0000,1.0
2018-08-09,97.19,97.77,95.97,96.51,89.3020498443912,2062839,0.0000,1.0
2018-08-08,97.53,98.2,97.02,97.61,90.3198951954308,980281,0.0000,1.0
2018-08-07,97.39,97.89,96.9,97.55,90.2643763581014,1019493,0.0000,1.0
2018-08-06,97.34,97.59,96.66,97.12,89.8664913572405,864770,0.0000,1.0
2018-08-03,96.92,97.26,96.0,96.95,89.7091879848071,1345915,0.0000,1.0
2018-08-02,96.73,97.26,95.99,96.62,89.4038343794952,1226285,0.0000,1.0
2018-08-01,98.38,98.7,96.98,97.42,90.1440855438876,1073858,0.0000,1.0
2018-07-31,98.0,98.93,97.6,98.51,91.1526777553723,1598325,0.0000,1.0
2018-07-30,97.89,99.0,97.09,97.22,89.9590227527895,1782972,0.0000,1.0
2018-07-27,98.0,98.49,97.25,97.72,90.4216797305348,1309671,0.0000,1.0
2018-07-26,96.31,98.81,96.19,97.73,90.4309328700897,2763430,0.0000,1.0
2018-07-25,92.59,96.26,92.55,96.12,88.9411774017499,3788813,0.0000,1.0
2018-07-24,91.05,91.83,89.78,91.08,84.2775950660777,1722330,0.0000,1.0
2018-07-23,91.12,91.46,89.9,90.15,83.4170530874715,1420936,0.0000,1.0
2018-07-20,91.26,92.02,90.67,91.8,84.9438211140308,1462894,0.0000,1.0
2018-07-19,90.72,92.1,90.57,91.8,84.9438211140308,911504,0.0000,1.0
2018-07-18,91.21,91.62,90.9,91.26,84.444151578066,993290,0.0000,1.0
2018-07-17,89.97,91.14,89.63,90.89,84.1017854145345,962805,0.0000,1.0
2018-07-16,90.94,91.18,89.69,89.96,83.2412434359283,1030730,0.0000,1.0
2018-07-13,89.69,91.18,89.63,91.05,84.2498356474129,789334,0.0000,1.0
2018-07-12,90.13,90.42,89.12,89.88,83.167218319489,1045832,0.0000,1.0
2018-07-11,90.55,90.55,89.22,89.28,82.6120299461947,1139175,0.0000,1.0
2018-07-10,91.71,92.37,91.18,91.45,84.6199612296092,769172,0.0000,1.0
2018-07-09,90.4,92.25,90.4,91.71,84.8605428580367,1391724,0.0000,1.0
2018-07-06,90.21,90.4,89.35,89.87,83.1579651799341,1470095,0.0000,1.0
2018-07-05,90.6,91.07,89.88,90.46,83.7039004136735,1472884,0.0000,1.0
2018-07-03,89.83,90.81,89.57,89.94,83.2227371568185,1016518,0.0000,1.0
2018-07-02,89.13,89.45,88.26,89.43,82.7508270395183,1305393,0.0000,1.0
2018-06-29,89.54,90.66,89.16,89.73,83.0284212261654,1598777,0.0000,1.0
2018-06-28,88.89,90.04,87.94,88.98,82.3344357595475,1356907,0.0000,1.0
2018-06-27,89.9,91.25,88.86,88.89,82.2511575035534,1590803,0.0000,1.0
2018-06-26,90.17,90.45,88.97,89.07,82.4177140155417,1725608,0.0000,1.0
2018-06-25,90.16,90.17,88.97,89.79,83.0839400634949,1097143,0.0000,1.0
2018-06-22,90.6,91.2,90.26,90.76,83.9814946003207,1500471,0.0000,1.0
2018-06-21,90.6,90.67,89.55,89.87,83.1579651799341,2064462,0.0000,1.0
2018-06-20,91.41,91.64,90.5,90.9,84.1110385540894,794741,0.0000,1.0
2018-06-19,91.23,91.79,89.92,91.02,84.2220762287482,1215154,0.0000,1.0
2018-06-18,91.41,92.06,90.77,92.02,85.1473901842388,826667,0.0000,1.0
2018-06-15,91.41,92.67,90.4,92.14,85.2584278588976,2520549,0.0000,1.0
2018-06-14,91.5,92.53,91.14,91.91,85.0456056491348,1250996,0.0000,1.0
2018-06-13,92.34,92.34,91.02,91.15,84.342367042962,1737390,0.0000,1.0
2018-06-12,93.07,93.26,91.6,92.43,85.5267689059899,1922545,0.0000,1.0
2018-06-11,91.55,93.41,91.11,93.03,86.0819572792842,1932908,0.0000,1.0
2018-06-08,90.65,90.82,90.19,90.69,83.9167226234363,789081,0.0000,1.0
2018-06-07,89.97,90.73,89.46,90.6,83.8334443674422,1108907,0.4500,1.0
2018-06-06,88.5,90.31,88.15,90.14,82.9955702941377,1793249,0.0000,1.0
2018-06-05,88.18,88.63,87.77,88.41,81.4026888141193,1120932,0.0000,1.0
2018-06-04,88.95,89.47,87.92,88.08,81.098844369954,870629,0.0000,1.0
2018-06-01,88.42,89.01,87.91,88.27,81.273785110534,994676,0.0000,1.0
2018-05-31,89.83,89.87,87.34,87.54,80.6016443704107,1989848,0.0000,1.0
2018-05-30,89.52,90.09,89.16,89.66,82.5536147389881,1409008,0.0000,1.0
2018-05-29,89.06,89.91,88.1,88.84,81.7986073322742,1346096,0.0000,1.0
2018-05-25,89.71,90.41,89.46,89.81,82.6917258499724,1048472,0.0000,1.0
2018-05-24,90.24,91.13,89.92,90.07,82.9311184423451,1778100,0.0000,1.0
2018-05-23,90.31,90.41,89.68,90.26,83.1060591829251,1418111,0.0000,1.0
2018-05-22,91.73,92.07,90.86,90.89,83.686125849059,1172744,0.0000,1.0
2018-05-21,90.74,92.04,90.7,91.59,84.3306443669855,1416712,0.0000,1.0
2018-05-18,89.9,90.2,89.7,89.91,82.7837999239619,1454141,0.0000,1.0
2018-05-17,88.61,90.47,88.61,89.97,82.8390443683556,1697830,0.0000,1.0
2018-05-16,88.94,89.62,88.36,88.5,81.4855554807099,1507034,0.0000,1.0
2018-05-15,88.87,89.41,88.56,88.88,81.83543696187,1403062,0.0000,1.0
2018-05-14,89.01,89.79,88.97,89.16,82.0932443690406,1133296,0.0000,1.0
2018-05-11,88.88,89.51,88.25,88.82,81.7801925174763,1319487,0.0000,1.0
2018-05-10,88.8,89.55,88.51,88.73,81.6973258508857,1339580,0.0000,1.0
2018-05-09,88.38,88.83,87.95,88.56,81.5407999251036,1743430,0.0000,1.0
2018-05-08,87.25,88.38,87.02,88.08,81.098844369954,1661195,0.0000,1.0
2018-05-07,87.0,87.76,86.77,87.39,80.4635332594264,1816513,0.0000,1.0
2018-05-04,85.36,87.27,85.05,86.67,79.800599926702,1360397,0.0000,1.0
2018-05-03,85.0,86.32,84.09,85.97,79.1560814087754,2318742,0.0000,1.0
2018-05-02,85.93,86.5,85.09,85.22,78.4655258538542,2355224,0.0000,1.0
2018-05-01,83.56,86.01,83.51,85.93,79.1192517791797,2821783,0.0000,1.0
2018-04-30,86.17,86.5,83.66,83.89,77.2409406697938,2382207,0.0000,1.0
2018-04-27,84.82,86.25,84.01,86.11,79.2849851123608,2334506,0.0000,1.0
2018-04-26,85.32,85.64,83.26,85.01,78.2721702984762,3894506,0.0000,1.0
2018-04-25,84.26,85.4,82.14,85.16,78.4102814094605,4278392,0.0000,1.0
2018-04-24,83.63,84.25,79.63,80.39,74.0183480801612,3872944,0.0000,1.0
2018-04-23,83.61,84.46,83.15,83.26,76.6608740036599,1948315,0.0000,1.0
2018-04-20,84.22,84.64,82.64,83.56,76.9370962256284,2965751,0.0000,1.0
2018-04-19,86.34,86.43,83.6,84.49,77.7933851137308,2354295,0.0000,1.0
2018-04-18,86.61,87.15,86.24,86.36,79.5151702973345,1015711,0.0000,1.0
2018-04-17,85.5,86.4,85.37,86.06,79.238948075366,1415656,0.0000,1.0
2018-04-16,84.96,85.23,84.31,84.99,78.2537554836783,1021229,0.0000,1.0
2018-04-13,84.94,85.3,83.7,84.13,77.4619184473686,941144,0.0000,1.0
2018-04-12,84.08,84.76,84.06,84.3,77.6184443731508,998438,0.0000,1.0
2018-04-11,83.61,84.01,83.2,83.59,76.9647184478253,741862,0.0000,1.0
2018-04-10,83.72,85.1,83.46,84.42,77.7289332619382,1137240,0.0000,1.0
2018-04-09,83.69,84.12,82.6,82.76,76.2005036337124,1601222,0.0000,1.0
2018-04-06,84.87,85.44,82.24,83.19,76.5964221518673,1848969,0.0000,1.0
2018-04-05,86.43,86.5,85.31,85.87,79.064007334786,1498776,0.0000,1.0
2018-04-04,82.39,85.19,82.14,85.04,78.2997925206731,1396275,0.0000,1.0
2018-04-03,83.5,84.52,82.81,84.48,77.7841777063319,1138389,0.0000,1.0
2018-04-02,85.15,85.68,81.93,83.15,76.5595925222715,1516685,0.0000,1.0
2018-03-29,84.47,86.27,84.47,85.51,78.7325406684238,995485,0.0000,1.0
2018-03-28,85.1,85.65,83.6,83.95,77.2961851141875,1406402,0.0000,1.0
2018-03-27,86.58,86.82,84.55,85.0,78.2629628910773,1284040,0.0000,1.0
2018-03-26,85.05,86.28,84.34,86.17,79.3402295567545,1519026,0.0000,1.0
2018-03-23,86.36,86.36,83.61,83.86,77.2133184475969,1554326,0.0000,1.0
2018-03-22,87.99,87.99,85.85,86.08,79.2573628901639,1263808,0.0000,1.0
2018-03-21,89.15,90.09,88.85,88.99,81.9367184432584,1353892,0.0000,1.0
2018-03-20,88.79,90.02,88.64,88.96,81.9090962210616,1119451,0.0000,1.0
2018-03-19,89.28,89.4,87.63,88.52,81.5039702955078,941833,0.0000,1.0
2018-03-16,90.15,90.2,88.96,89.48,82.387881405807,2250707,0.0000,1.0
2018-03-15,88.5,90.32,88.12,90.22,83.0692295533293,2319798,0.0000,1.0
2018-03-14,88.87,89.19,87.8,88.32,81.3198221475288,1399151,0.0000,1.0
2018-03-13,88.53,89.35,87.81,88.24,81.2461628883372,1404137,0.0000,1.0
2018-03-12,89.65,89.96,87.9,88.08,81.098844369954,1375140,0.0000,1.0
2018-03-09,88.26,89.64,87.87,89.63,82.5259925167912,2017961,0.0000,1.0
2018-03-08,87.2,87.65,86.58,87.48,80.5463999260169,1926393,0.4500,1.0
2018-03-07,85.78,87.5,85.77,87.23,79.9051798651934,1992312,0.0000,1.0
2018-03-06,86.77,87.9,85.95,86.99,79.6853329871968,1970710,0.0000,1.0
2018-03-05,85.82,86.63,85.04,86.22,78.9799909202909,3552229,0.0000,1.0
2018-03-02,85.1,86.57,84.05,86.29,79.0441129263733,2858215,0.0000,1.0
2018-03-01,88.98,89.05,85.81,85.87,78.6593808898792,2665542,0.0000,1.0
2018-02-28,90.54,91.39,88.79,88.8,81.3433448587547,1806152,0.0000,1.0
2018-02-27,90.73,91.77,90.08,90.08,82.5158615414035,1530635,0.0000,1.0
2018-02-26,90.29,90.98,89.21,90.65,83.0379978766455,2160706,0.0000,1.0
2018-02-23,90.98,91.14,89.57,90.15,82.5799835474858,1415677,0.0000,1.0
2018-02-22,90.59,91.6,90.1,90.31,82.7265481328169,1295138,0.0000,1.0
2018-02-21,90.2,91.25,89.3,90.01,82.4517395353211,2949511,0.0000,1.0
2018-02-20,90.49,91.2,89.7,90.04,82.4792203950707,1620386,0.0000,1.0
2018-02-16,91.73,93.24,90.79,91.03,83.3860887668068,1961238,0.0000,1.0
2018-02-15,91.26,92.36,89.87,92.01,84.2837968519597,1579947,0.0000,1.0
2018-02-14,89.69,90.73,89.33,90.39,82.7998304254825,1851223,0.0000,1.0
2018-02-13,90.05,90.91,89.63,90.26,82.680746699901,1171098,0.0000,1.0
2018-02-12,89.88,91.73,89.67,90.91,83.2761653278085,1483128,0.0000,1.0
2018-02-09,88.71,89.88,85.75,89.16,81.6731151757497,2348011,0.0000,1.0
2018-02-08,91.13,91.28,87.54,87.6,80.2441104687716,2084184,0.0000,1.0
2018-02-07,91.73,93.61,91.15,91.19,83.5326533521379,2109823,0.0000,1.0
2018-02-06,88.71,92.29,87.83,91.75,84.0456294007967,3030386,0.0000,1.0
2018-02-05,94.54,95.28,90.35,90.53,82.9280744376472,3761388,0.0000,1.0
2018-02-02,95.97,96.47,95.08,95.24,87.2425694183311,2578112,0.0000,1.0
2018-02-01,94.35,97.67,94.25,96.6,88.4883683936454,3620570,0.0000,1.0
2018-01-31,93.37,94.78,91.31,94.63,86.6837919367563,4395986,0.0000,1.0
2018-01-30,93.41,93.94,91.78,92.53,84.7601317542858,2501935,0.0000,1.0
2018-01-29,93.63,95.16,93.59,93.87,85.9876101564337,2018120,0.0000,1.0
2018-01-26,91.99,93.86,91.5,93.82,85.9418087235177,1595828,0.0000,1.0
2018-01-25,92.65,92.65,90.87,91.57,83.8807442422992,900702,0.0000,1.0
2018-01-24,92.19,93.34,91.69,91.98,84.2563159922102,1731759,0.0000,1.0
2018-01-23,91.28,91.85,90.33,91.77,84.0639499739631,1611658,0.0000,1.0
2018-01-22,90.72,90.83,89.27,89.84,82.2960146634068,1195916,0.0000,1.0
2018-01-19,90.8,91.05,90.12,90.93,83.2944859009749,1090490,0.0000,1.0
2018-01-18,89.91,91.12,89.55,90.33,82.7448687059833,1206309,0.0000,1.0
2018-01-17,90.47,90.72,89.74,90.18,82.6074644072354,1165755,0.0000,1.0
2018-01-16,91.88,91.93,89.98,90.26,82.680746699901,1449997,0.0000,1.0
2018-01-12,92.37,92.37,90.68,91.1,83.4502107728892,1733932,0.0000,1.0
2018-01-11,91.0,92.79,90.77,91.99,84.2654762787933,1896319,0.0000,1.0
2018-01-10,90.87,91.1,90.1,90.98,83.3402873338909,1428319,0.0000,1.0
2018-01-09,90.73,91.31,90.43,90.89,83.2578447546421,1743124,0.0000,1.0
2018-01-08,90.04,90.93,89.86,90.42,82.827311285232,1860710,0.0000,1.0
2018-01-05,90.66,90.86,89.34,89.71,82.1769309378253,1321495,0.0000,1.0
2018-01-04,90.07,91.27,89.91,90.39,82.7998304254825,1113687,0.0000,1.0
2018-01-03,88.67,90.06,88.46,89.95,82.396777815822,1253560,0.0000,1.0
2018-01-02,89.73,89.95,87.8,88.75,81.2975434258388,1868883,0.0000,1.0
2017-12-29,89.58,90.17,89.19,89.19,81.7005960354993,923468,0.0000,1.0
2017-12-28,89.44,89.44,88.5,89.23,81.7372371818321,658457,0.0000,1.0
2017-12-27,89.45,89.47,88.99,89.11,81.6273137428337,696827,0.0000,1.0
2017-12-26,89.84,89.84,89.01,89.21,81.7189166086657,524573,0.0000,1.0
2017-12-22,90.58,90.64,89.13,89.77,82.2318926573245,1293229,0.0000,1.0
2017-12-21,87.67,90.7,87.41,90.38,82.7906701388993,3220323,0.0000,1.0
2017-12-20,87.34,87.8,86.72,87.21,79.886859292027,1040064,0.0000,1.0
2017-12-19,87.0,87.28,86.29,86.74,79.456325822617,1155709,0.0000,1.0
2017-12-18,87.04,87.84,86.57,86.64,79.364722956785,1320581,0.0000,1.0
2017-12-15,86.88,87.4,86.25,86.75,79.4654861092002,2520522,0.0000,1.0
2017-12-14,87.51,87.89,86.01,86.03,78.8059454752103,1172522,0.0000,1.0
2017-12-13,86.45,87.48,85.7,87.13,79.8135769993615,1987841,0.0000,1.0
2017-12-12,88.09,88.11,86.32,86.38,79.126555505622,1599102,0.0000,1.0
2017-12-11,87.55,88.45,87.55,87.82,80.4456367736018,2318113,0.0000,1.0
2017-12-08,88.33,89.04,87.07,87.61,80.2532707553548,2173690,0.0000,1.0
2017-12-07,86.03,87.22,85.59,86.3,79.0532732129565,1462840,0.4500,1.0
2017-12-06,84.3,86.6,83.71,86.26,78.6067475198804,2416134,0.0000,1.0
2017-12-05,85.27,85.545,84.35,84.58,77.0758022864768,1992382,0.0000,1.0
2017-12-04,87.0,87.26,85.11,85.12,77.5678918257851,2395241,0.0000,1.0
2017-12-01,87.45,87.95,84.87,86.21,78.5611836736482,1756844,0.0000,1.0
2017-11-30,86.34,88.22,86.23,87.62,79.8460841373977,2395167,0.0000,1.0
2017-11-29,87.11,87.19,85.6901,86.07,78.4336049041978,1826443,0.0000,1.0
2017-11-28,84.97,87.07,84.47,86.65,78.962145520492,2376571,0.0000,1.0
2017-11-27,84.23,85.0,84.18,84.73,77.2124938251735,1216761,0.0000,1.0
2017-11-24,84.88,84.95,83.96,84.23,76.756855362851,690464,0.0000,1.0
2017-11-22,85.35,85.45,84.5,84.59,77.0849150557232,1181039,0.0000,1.0
2017-11-21,85.12,85.48,84.46,85.28,77.7136961337283,1707252,0.0000,1.0
2017-11-20,85.36,85.98,84.67,84.73,77.2124938251735,1588032,0.0000,1.0
2017-11-17,84.63,85.31,84.15,85.12,77.5678918257851,1327595,0.0000,1.0
2017-11-16,83.9,85.43,83.87,85.26,77.6954705952354,1746962,0.0000,1.0
2017-11-15,84.04,84.17,83.3,83.36,75.9640444384098,1475445,0.0000,1.0
2017-11-14,84.55,85.27,84.45,84.7,77.1851555174342,1755818,0.0000,1.0
2017-11-13,84.48,85.27,84.38,84.76,77.2398321329129,1653797,0.0000,1.0
2017-11-10,83.95,85.13,83.77,84.96,77.4220875178419,1386082,0.0000,1.0
2017-11-09,85.02,85.2,83.81,84.41,76.9208852092871,1564751,0.0000,1.0
2017-11-08,85.63,85.91,84.62,85.68,78.0782069035863,1482162,0.0000,1.0
2017-11-07,86.41,86.48,85.16,85.56,77.9688536726289,1506780,0.0000,1.0
2017-11-06,86.32,87.25,85.75,86.15,78.5065070581695,1595322,0.0000,1.0
2017-11-03,87.2,87.7,85.81,86.25,78.597634750634,2991321,0.0000,1.0
2017-11-02,87.55,88.11,86.03,87.6,79.8278585989048,2522724,0.0000,1.0
2017-11-01,89.25,89.38,87.33,87.53,79.7640692141796,1670398,0.0000,1.0
2017-10-31,88.71,89.2,87.99,88.6,80.7391355235498,2916766,0.0000,1.0
2017-10-30,90.88,91.115,88.87,88.88,80.9942930624504,1899092,0.0000,1.0
2017-10-27,89.59,91.27,89.335,91.15,83.0628916813946,2440217,0.0000,1.0
2017-10-26,92.05,92.485,90.6,90.66,82.6163659883185,2123947,0.0000,1.0
2017-10-25,90.58,93.5,89.22,91.32,83.2178087585843,4450973,0.0000,1.0
2017-10-24,94.38,96.23,93.94,95.61,87.1271867653114,2497218,0.0000,1.0
2017-10-23,93.42,95.33,93.2066,93.76,85.4413244547182,2084383,0.0000,1.0
2017-10-20,91.69,93.52,91.55,93.51,85.2135052235569,1540869,0.0000,1.0
2017-10-19,90.89,91.12,90.34,91.08,82.9991022966695,1615704,0.0000,1.0
2017-10-18,91.22,91.45,90.74,91.22,83.1266810661198,1127219,0.0000,1.0
2017-10-17,90.63,91.2,90.21,91.1,83.0173278351624,1702145,0.0000,1.0
2017-10-16,91.62,91.62,90.9,91.3,83.1995832200914,1132264,0.0000,1.0
2017-10-13,91.86,92.24,91.22,91.32,83.2178087585843,777414,0.0000,1.0
2017-10-12,91.3,92.0,91.1,91.38,83.272485374063,1499935,0.0000,1.0
2017-10-11,91.45,91.52,91.03,91.43,83.3180492202952,1214252,0.0000,1.0
2017-10-10,92.37,92.37,90.89,91.38,83.272485374063,969276,0.0000,1.0
2017-10-09,92.0,92.76,91.84,92.06,83.8921536828216,1252918,0.0000,1.0
2017-10-06,91.1,92.77,90.91,92.05,83.8830409135751,2153899,0.0000,1.0
2017-10-05,90.71,91.2,90.4,90.89,82.8259596809869,1432704,0.0000,1.0
2017-10-04,89.89,91.13,89.89,90.46,82.4341106033895,1530482,0.0000,1.0
2017-10-03,89.95,90.14,89.41,90.14,82.1425019875031,1168403,0.0000,1.0
2017-10-02,89.37,90.0,88.88,89.96,81.978472141067,1677887,0.0000,1.0
2017-09-29,88.17,89.47,88.075,89.17,81.2585633705975,1761024,0.0000,1.0
2017-09-28,87.91,88.3,87.36,88.18,80.3563992151989,1240034,0.0000,1.0
2017-09-27,89.27,89.35,87.81,88.05,80.237933214995,1626168,0.0000,1.0
2017-09-26,88.85,89.16,88.37,88.75,80.8758270622465,1366279,0.0000,1.0
2017-09-25,89.01,89.3,87.87,88.85,80.966954754711,1714120,0.0000,1.0
2017-09-22,89.1,89.46,88.39,88.92,81.0307441394362,1614260,0.0000,1.0
2017-09-21,89.31,89.66,89.12,89.24,81.3223527553226,1218928,0.0000,1.0
2017-09-20,89.1,89.62,88.52,89.3,81.3770293708013,1545022,0.0000,1.0
2017-09-19,90.56,91.5,90.38,90.46,82.4341106033895,1831110,0.0000,1.0
2017-09-18,89.73,90.575,89.6,90.51,82.4796744496218,1453222,0.0000,1.0
2017-09-15,89.54,89.9,88.96,89.44,81.5046081402516,2417100,0.0000,1.0
2017-09-14,90.09,90.3,89.1,90.02,82.0331487565457,1822242,0.0000,1.0
2017-09-13,89.61,90.8,89.41,90.37,82.3520956801715,1491937,0.0000,1.0
2017-09-12,89.01,90.46,88.9775,90.01,82.0240359872993,1933205,0.0000,1.0
2017-09-11,88.08,88.53,87.37,88.52,80.6662333695782,1956101,0.0000,1.0
2017-09-08,84.79,88.62,84.57,87.46,79.7002798294544,2979129,0.0000,1.0
2017-09-07,84.12,85.12,83.3,85.06,77.5132152103064,1711628,0.4500,1.0
2017-09-06,85.34,85.75,83.94,84.39,76.4979561641651,1701183,0.0000,1.0
2017-09-05,84.94,85.46,84.59,84.78,76.8514838677321,1570974,0.0000,1.0
2017-09-01,85.9,86.11,85.05,85.08,77.1234282550914,1205705,0.0000,1.0
2017-08-31,85.88,85.98,84.63,85.39,77.4044374553627,2174648,0.0000,1.0
2017-08-30,84.04,85.82,83.79,85.53,77.5313448361303,1518553,0.0000,1.0
2017-08-29,83.4,84.32,83.07,84.28,76.3982432221333,1514247,0.0000,1.0
2017-08-28,85.0,85.0,83.69,83.86,76.0175210798303,1404793,0.0000,1.0
2017-08-25,84.28,85.13,84.28,84.63,76.7155116740525,1171866,0.0000,1.0
2017-08-24,84.59,84.79,83.61,83.77,75.9359377636225,1515875,0.0000,1.0
2017-08-23,85.68,86.07,84.33,84.4,76.507020977077,1505840,0.0000,1.0
2017-08-22,85.19,86.34,85.19,86.12,78.0661687979369,650879,0.0000,1.0
2017-08-21,85.09,85.34,84.76,85.13,77.1687523196513,824102,0.0000,1.0
2017-08-18,85.46,86.2,84.89,85.18,77.2140763842112,1288132,0.0000,1.0
2017-08-17,86.33,86.81,85.37,85.46,77.4678911457465,1531440,0.0000,1.0
2017-08-16,86.44,86.87,86.24,86.74,78.6281871984794,1406091,0.0000,1.0
2017-08-15,85.92,86.71,85.89,86.2,78.1386873012327,1323537,0.0000,1.0
2017-08-14,85.78,86.31,85.72,85.91,77.8758077267854,1158128,0.0000,1.0
2017-08-11,84.77,85.54,84.61,85.09,77.1324930680034,2023511,0.0000,1.0
2017-08-10,86.66,87.07,84.91,84.98,77.0327801259717,2413353,0.0000,1.0
2017-08-09,87.29,87.6,86.88,87.26,79.0995574699022,878815,0.0000,1.0
2017-08-08,88.03,88.12,87.321,87.5,79.3171129797896,1140414,0.0000,1.0
2017-08-07,88.11,88.26,87.511,88.1,79.8610017545081,1337320,0.0000,1.0
2017-08-04,87.09,88.51,86.84,88.18,79.933520257804,1540269,0.0000,1.0
2017-08-03,87.28,87.57,86.17,86.73,78.6191223855674,1941056,0.0000,1.0
2017-08-02,86.05,87.2586,86.05,87.15,78.9998445278704,2345774,0.0000,1.0
2017-08-01,88.08,88.46,86.12,86.49,78.40156687568,2189710,0.0000,1.0
2017-07-31,88.8,89.39,87.75,87.88,79.6615758704447,1438354,0.0000,1.0
2017-07-28,87.61,88.76,87.05,88.54,80.2598535226351,1604680,0.0000,1.0
2017-07-27,86.96,88.2,86.92,87.78,79.5709277413249,2199186,0.0000,1.0
2017-07-26,89.42,89.42,85.79,86.94,78.8094834567189,4756793,0.0000,1.0
2017-07-25,91.84,91.84,90.47,90.47,82.0093624146464,1563715,0.0000,1.0
2017-07-24,91.47,91.6,90.83,91.05,82.535121563541,1465900,0.0000,1.0
2017-07-21,91.73,92.18,91.2,91.67,83.0971399640836,1192918,0.0000,1.0
2017-07-20,93.17,93.2062,91.71,92.18,83.5594454225943,1386486,0.0000,1.0
2017-07-19,92.75,93.28,92.21,93.2,84.4840563396159,1249940,0.0000,1.0
2017-07-18,92.73,93.025,92.03,92.46,83.8132601841296,1182014,0.0000,1.0
2017-07-17,92.69,93.26,91.55,93.07,84.3662137717602,1435664,0.0000,1.0
2017-07-14,92.81,92.96,91.92,92.83,84.1486582618728,1237731,0.0000,1.0
2017-07-13,93.54,93.8004,92.3717,92.85,84.1667878876967,1199273,0.0000,1.0
2017-07-12,93.61,94.36,93.4299,93.51,84.7650655398871,1235453,0.0000,1.0
2017-07-11,93.53,93.69,92.52,92.91,84.2211767651686,1342039,0.0000,1.0
2017-07-10,93.26,94.39,93.17,93.73,84.9644914239506,1296851,0.0000,1.0
2017-07-07,92.17,93.52,91.48,93.25,84.5293804041758,1821371,0.0000,1.0
2017-07-06,91.96,92.54,91.73,92.12,83.5050565451225,1694755,0.0000,1.0
2017-07-05,91.39,92.255,91.32,92.16,83.5413157967704,1100756,0.0000,1.0
2017-07-03,91.71,91.99,91.41,91.44,82.8886492671081,754727,0.0000,1.0
2017-06-30,90.68,91.89,90.51,91.39,82.8433252025482,1163094,0.0000,1.0
2017-06-29,91.65,91.79,89.74,90.37,81.9187142855267,1528193,0.0000,1.0
2017-06-28,91.02,91.83,90.84,91.63,83.0608807124356,1344876,0.0000,1.0
2017-06-27,90.89,91.16,90.19,90.51,82.0456216662944,1587829,0.0000,1.0
2017-06-26,91.36,91.85,90.88,90.93,82.4263438085973,2307299,0.0000,1.0
2017-06-23,90.73,91.41,90.33,91.08,82.562316002277,1788567,0.0000,1.0
2017-06-22,90.55,90.98,90.39,90.72,82.2359827374458,1280699,0.0000,1.0
2017-06-21,91.58,91.78,90.33,90.48,82.0184272275584,1972409,0.0000,1.0
2017-06-20,92.08,92.32,91.13,91.25,82.7164178217806,1640904,0.0000,1.0
2017-06-19,92.64,93.17,92.36,92.59,83.9311027519853,1934520,0.0000,1.0
2017-06-16,90.0,92.34,89.89,92.34,83.7044824291859,4122008,0.0000,1.0
2017-06-15,88.0,89.86,87.93,89.86,81.4564088270159,1134516,0.0000,1.0
2017-06-14,90.06,90.17,88.29,88.69,80.3958257163147,1728113,0.0000,1.0
2017-06-13,88.13,89.67,87.96,89.67,81.2841773816884,1822271,0.0000,1.0
2017-06-12,88.1,88.32,87.7,87.84,79.6253166187968,1647546,0.0000,1.0
2017-06-09,88.0,88.37,87.65,88.11,79.8700665674201,1735654,0.0000,1.0
2017-06-08,88.0,88.26,87.72,87.97,79.7431591866524,1689286,0.0000,1.0
2017-06-07,89.04,89.305,87.67,88.13,79.8881961932441,2032750,0.4000,1.0
2017-06-06,88.87,89.39,88.085,88.91,80.2311027170601,1360101,0.0000,1.0
2017-06-05,89.33,90.11,89.09,89.35,80.6281523762155,1866069,0.0000,1.0
2017-06-02,89.6,89.9665,89.31,89.48,80.7454625027842,1130594,0.0000,1.0
2017-06-01,89.97,89.99,88.92,89.6,80.8537487734629,1368248,0.0000,1.0
2017-05-31,88.78,89.75,88.43,89.6,80.8537487734629,1524721,0.0000,1.0
2017-05-30,89.13,89.39,88.54,89.19,80.4837706819772,854342,0.0000,1.0
2017-05-26,89.08,89.83,89.08,89.35,80.6281523762155,648911,0.0000,1.0
2017-05-25,89.05,89.47,88.58,89.31,80.5920569526559,988471,0.0000,1.0
2017-05-24,89.22,89.665,88.37,88.52,79.8791723373542,2113580,0.0000,1.0
2017-05-23,89.44,89.65,88.68,89.03,80.3393889877389,1141268,0.0000,1.0
2017-05-22,89.81,89.91,88.93,89.23,80.5198661055368,1167592,0.0000,1.0
2017-05-19,88.86,89.74,88.27,89.24,80.5288899614266,1422075,0.0000,1.0
2017-05-18,87.29,88.8,86.68,88.17,79.5633373812078,1552936,0.0000,1.0
2017-05-17,87.77,88.39,87.501,87.71,79.1482400102726,1760803,0.0000,1.0
2017-05-16,88.98,89.08,88.37,88.81,80.1408641581612,1324513,0.0000,1.0
2017-05-15,88.12,88.71,88.01,88.53,79.8881961932441,1295923,0.0000,1.0
2017-05-12,88.26,88.38,87.85,88.01,79.4189556869695,1650631,0.0000,1.0
2017-05-11,88.44,88.58,87.36,88.43,79.7979576343451,1568216,0.0000,1.0
2017-05-10,89.36,89.525,87.43,88.52,79.8791723373542,3057483,0.0000,1.0
2017-05-09,89.54,89.87,89.13,89.36,80.6371762321054,1103911,0.0000,1.0
2017-05-08,89.88,90.15,89.2,89.4,80.673271655665,1452276,0.0000,1.0
2017-05-05,90.05,90.175,89.56,90.01,81.2237268649486,1043745,0.0000,1.0
2017-05-04,89.41,89.87,88.9,89.82,81.0522736030406,1412234,0.0000,1.0
2017-05-03,88.93,89.29,88.61,89.1,80.4025559789681,1468311,0.0000,1.0
2017-05-02,89.03,89.41,88.7,89.3,80.583033096766,1366350,0.0000,1.0
2017-05-01,89.03,89.03,87.99,88.78,80.1137925904915,1437710,0.0000,1.0
2017-04-28,89.37,89.5728,88.41,88.75,80.0867210228218,1754231,0.0000,1.0
2017-04-27,88.71,89.75,88.5,89.25,80.5379138173166,2074472,0.0000,1.0
2017-04-26,86.87,89.06,86.46,88.68,80.0235540315925,3134128,0.0000,1.0
2017-04-25,84.92,85.945,84.67,85.66,77.2983495528441,2241973,0.0000,1.0
2017-04-24,84.39,84.96,83.4,84.19,75.9718427370295,1621127,0.0000,1.0
2017-04-21,82.98,83.39,82.53,83.03,74.9250754538016,1507512,0.0000,1.0
2017-04-20,82.4,83.26,81.94,82.75,74.6724074888845,1718093,0.0000,1.0
2017-04-19,82.38,82.6,81.53,81.85,73.8602604587939,1687218,0.0000,1.0
2017-04-18,81.7,82.21,81.25,81.93,73.9324513059131,1906294,0.0000,1.0
2017-04-17,82.23,82.39,81.79,82.24,74.2121908384999,1997961,0.0000,1.0
2017-04-13,82.03,83.33,81.82,81.86,73.8692843146838,2399297,0.0000,1.0
2017-04-12,83.58,83.58,82.03,82.29,74.2573101179493,2259409,0.0000,1.0
2017-04-11,83.18,83.99,82.75,83.65,75.4845545189751,1817151,0.0000,1.0
2017-04-10,82.61,83.725,82.58,83.25,75.1236002833793,1762175,0.0000,1.0
2017-04-07,82.49,83.1,82.36,82.62,74.5550973623159,1723411,0.0000,1.0
2017-04-06,81.95,83.4,81.74,82.67,74.6002166417654,1759598,0.0000,1.0
2017-04-05,81.67,83.12,81.59,81.87,73.8783081705737,2562158,0.0000,1.0
2017-04-04,81.14,81.53,80.655,81.48,73.5263777908678,1286101,0.0000,1.0
2017-04-03,81.57,81.9,80.48,81.22,73.2917575377305,2463626,0.0000,1.0
2017-03-31,80.6,81.58,80.535,81.32,73.3819960966295,1961822,0.0000,1.0
2017-03-30,79.64,80.92,79.58,80.9,73.0029941492539,1220897,0.0000,1.0
2017-03-29,79.39,79.875,79.29,79.82,72.0284177131452,1496257,0.0000,1.0
2017-03-28,78.63,80.06,78.19,79.69,71.9111075865765,1652501,0.0000,1.0
2017-03-27,78.37,79.01,77.26,78.56,70.8914118710183,1652663,0.0000,1.0
2017-03-24,79.83,80.155,78.85,79.18,71.4508909361919,980975,0.0000,1.0
2017-03-23,79.58,80.26,79.04,79.81,72.0193938572553,635703,0.0000,1.0
2017-03-22,79.28,79.88,79.04,79.62,71.8479405953473,1104635,0.0000,1.0
2017-03-21,81.56,81.7284,79.19,79.36,71.61332034221,1674562,0.0000,1.0
2017-03-20,81.82,81.95,80.75,81.26,73.3278529612901,1580500,0.0000,1.0
2017-03-17,80.91,81.19,80.3,80.99,73.0842088522629,1971625,0.0000,1.0
2017-03-16,81.2,81.27,80.15,80.55,72.6871591931075,1327096,0.0000,1.0
2017-03-15,79.48,81.23,79.23,80.81,72.9217794462448,1613380,0.0000,1.0
2017-03-14,79.22,79.4,78.64,79.01,71.2974853860637,1170317,0.0000,1.0
2017-03-13,79.49,79.73,79.31,79.66,71.8840360189068,987607,0.0000,1.0
2017-03-10,79.26,79.65,78.38,79.49,71.7306304687786,1291397,0.0000,1.0
2017-03-09,79.23,79.53,78.14,78.6,70.9275072945779,1274621,0.0000,1.0
2017-03-08,79.22,79.72,79.08,79.17,71.441867080302,1661955,0.4000,1.0
2017-03-07,79.29,79.71,79.24,79.59,71.4598240658695,2161600,0.0000,1.0
2017-03-06,79.36,79.66,79.0,79.34,71.2353617462757,1673854,0.0000,1.0
2017-03-03,80.13,80.27,79.18,79.96,71.7920282988682,1359659,0.0000,1.0
2017-03-02,80.85,80.93,79.9,80.02,71.8458992555707,1371024,0.0000,1.0
2017-03-01,80.43,81.59,80.43,81.0,72.7257915483783,3027949,0.0000,1.0
2017-02-28,81.03,81.14,79.31,79.36,71.2533187318432,3102818,0.0000,1.0
2017-02-27,81.3,81.44,80.9,81.04,72.7617055195133,1573041,0.0000,1.0
2017-02-24,80.67,81.32,80.17,81.32,73.0131033174583,1484309,0.0000,1.0
2017-02-23,81.98,82.14,80.81,81.24,72.9412753751883,1508502,0.0000,1.0
2017-02-22,81.07,81.65,80.82,81.5,73.1747161875658,1793876,0.0000,1.0
2017-02-21,80.94,81.7,80.864,81.51,73.1836946803495,1497913,0.0000,1.0
2017-02-17,80.91,81.255,80.41,80.99,72.7168130555945,1700363,0.0000,1.0
2017-02-16,81.67,81.76,80.7,81.1,72.8155764762158,1996646,0.0000,1.0
2017-02-15,81.58,81.99,81.11,81.62,73.2824581009708,1914228,0.0000,1.0
2017-02-14,81.76,81.8,81.08,81.67,73.3273505648896,1723737,0.0000,1.0
2017-02-13,81.45,82.17,81.31,81.98,73.6056838411858,2730745,0.0000,1.0
2017-02-10,81.0,81.99,80.81,81.19,72.8963829112695,2811171,0.0000,1.0
2017-02-09,80.09,81.25,80.08,80.82,72.5641786782708,1565011,0.0000,1.0
2017-02-08,79.7,80.2,79.42,80.08,71.8997702122732,1701669,0.0000,1.0
2017-02-07,80.01,80.685,79.73,79.85,71.693264878247,2136247,0.0000,1.0
2017-02-06,78.72,80.0,78.4,79.91,71.7471358349495,2439763,0.0000,1.0
2017-02-03,78.38,79.06,78.13,79.02,70.9480499771957,1463256,0.0000,1.0
2017-02-02,78.0,78.65,77.51,78.0,70.0322437132532,2336898,0.0000,1.0
2017-02-01,77.17,79.33,77.0,78.0,70.0322437132532,4180149,0.0000,1.0
2017-01-31,79.45,79.69,78.38,79.35,71.2443402390595,2845615,0.0000,1.0
2017-01-30,79.4,79.69,78.67,79.55,71.4239100947345,2289464,0.0000,1.0
2017-01-27,80.44,80.66,79.8899,80.0,71.8279422700032,1776719,0.0000,1.0
2017-01-26,80.24,80.71,80.0,80.17,71.980576647327,1933632,0.0000,1.0
2017-01-25,80.45,80.87,80.05,80.4,72.1870819813533,3085403,0.0000,1.0
2017-01-24,78.54,80.28,78.54,79.59,71.4598240658695,2898695,0.0000,1.0
2017-01-23,78.48,78.57,77.97,78.42,70.4093404101707,1913199,0.0000,1.0
2017-01-20,78.52,78.72,78.15,78.64,70.6068672514132,2177932,0.0000,1.0
2017-01-19,77.26,78.31,77.26,78.25,70.2567060328469,2481822,0.0000,1.0
2017-01-18,76.89,77.15,76.49,77.14,69.2600933338506,1592679,0.0000,1.0
2017-01-17,76.78,77.33,76.31,76.59,68.7662762307444,1457507,0.0000,1.0
2017-01-13,76.9,77.7,76.81,77.27,69.3768137400394,1049730,0.0000,1.0
2017-01-12,77.05,77.1099,75.2,76.64,68.8111686946631,1637526,0.0000,1.0
2017-01-11,76.41,77.22,75.94,77.16,69.2780503194181,1880868,0.0000,1.0
2017-01-10,75.15,76.15,74.875,76.01,68.2455236492868,1604927,0.0000,1.0
2017-01-09,75.0,75.34,74.74,74.9,67.2489109502905,1529664,0.0000,1.0
2017-01-06,75.43,75.535,74.85,75.06,67.3925668348305,2001120,0.0000,1.0
2017-01-05,76.0,76.12,74.35,75.23,67.5452012121543,1759473,0.0000,1.0
2017-01-04,76.27,76.68,75.89,76.12,68.3442870699081,1116680,0.0000,1.0
2017-01-03,75.81,76.2,75.15,75.93,68.1736957070168,2237583,0.0000,1.0
2016-12-30,75.85,75.85,74.7598,75.04,67.374609849263,1425283,0.0000,1.0
2016-12-29,76.04,76.3,75.32,75.57,67.8504699668018,1318188,0.0000,1.0
2016-12-28,77.37,77.79,75.8,75.91,68.1557387214493,1127957,0.0000,1.0
2016-12-27,77.26,77.67,76.8,77.02,69.1523514204456,553126,0.0000,1.0
2016-12-23,76.24,77.04,76.13,76.86,69.0086955359056,1203533,0.0000,1.0
2016-12-22,76.77,76.91,76.155,76.41,68.6046633606368,1441536,0.0000,1.0
2016-12-21,77.39,77.5,76.67,76.73,68.8919751297169,1249720,0.0000,1.0
2016-12-20,77.47,77.87,77.01,77.29,69.3947707256069,1203512,0.0000,1.0
2016-12-19,77.14,77.46,76.37,76.96,69.0984804637431,1236219,0.0000,1.0
2016-12-16,77.18,77.63,76.84,77.14,69.2600933338506,3068883,0.0000,1.0
2016-12-15,77.57,77.835,76.79,77.23,69.3408997689044,2267242,0.0000,1.0
2016-12-14,77.44,79.21,77.325,77.68,69.7449319441731,2186671,0.0000,1.0
2016-12-13,78.11,78.38,77.19,77.84,69.8885878287132,1755461,0.0000,1.0
2016-12-12,78.45,78.73,77.63,77.75,69.8077813936594,1404630,0.0000,1.0
2016-12-09,78.53,79.0,77.64,78.45,70.4362758885219,1860329,0.0000,1.0
2016-12-08,77.8,79.04,77.8,78.75,70.7056306720344,2293228,0.0000,1.0
2016-12-07,75.7,78.03,75.58,78.0,70.0322437132532,2179804,0.4000,1.0
2016-12-06,74.98,75.93,74.92,75.91,67.8080053606256,1635549,0.0000,1.0
2016-12-05,74.9,75.399,74.61,74.89,66.8968715776215,2093030,0.0000,1.0
2016-12-02,74.67,74.77,74.02,74.5,66.5484968958847,2508392,0.0000,1.0
2016-12-01,75.01,75.11,74.03,74.59,66.6288910532086,3347815,0.0000,1.0
2016-11-30,75.6,76.31,74.54,74.54,66.5842276324731,1999620,0.0000,1.0
2016-11-29,74.37,75.4,74.25,75.06,67.0487272081222,1975954,0.0000,1.0
2016-11-28,75.96,75.96,74.72,74.73,66.753948631268,1879690,0.0000,1.0
2016-11-25,75.63,76.12,75.38,76.12,67.9955917277147,931681,0.0000,1.0
2016-11-23,75.72,75.88,75.4,75.58,67.5132267837713,1227966,0.0000,1.0
2016-11-22,75.39,75.76,75.22,75.62,67.5489575203597,1903801,0.0000,1.0
2016-11-21,74.85,75.33,74.49,75.11,67.0933906288577,1710059,0.0000,1.0
2016-11-18,74.46,74.72,74.13,74.46,66.5127661592963,1853703,0.0000,1.0
2016-11-17,75.24,75.44,74.53,74.68,66.7092852105325,2215919,0.0000,1.0
2016-11-16,75.1,75.78,74.74,75.23,67.2005828386229,1892800,0.0000,1.0
2016-11-15,75.13,75.94,74.61,75.92,67.8169380447727,2973178,0.0000,1.0
2016-11-14,76.09,76.45,74.815,75.07,67.0576598922693,4432113,0.0000,1.0
2016-11-11,75.17,75.89,75.15,75.83,67.7365438874488,2367827,0.0000,1.0
2016-11-10,74.83,75.9,74.75,75.72,67.6382843618307,3460646,0.0000,1.0
2016-11-09,71.57,74.71,71.32,74.26,66.3341124763543,4452037,0.0000,1.0
2016-11-08,70.57,72.36,70.4,71.87,64.1992009651978,3008447,0.0000,1.0
2016-11-07,69.78,70.775,69.59,70.72,63.1719422882814,3315992,0.0000,1.0
2016-11-04,67.04,69.37,67.04,68.75,61.412203511303,3470897,0.0000,1.0
2016-11-03,67.42,67.67,66.81,66.99,59.8400511014136,2303354,0.0000,1.0
2016-11-02,67.35,67.57,66.84,67.29,60.1080316258266,2485929,0.0000,1.0
2016-11-01,67.49,68.0,66.83,67.32,60.1348296782679,2805541,0.0000,1.0
2016-10-31,67.36,67.99,66.97,67.29,60.1080316258266,2281034,0.0000,1.0
2016-10-28,67.07,67.99,66.52,66.95,59.8043203648252,2497447,0.0000,1.0
2016-10-27,66.8,67.34,66.03,67.04,59.8847145221491,3669144,0.0000,1.0
2016-10-26,66.17,66.855,63.87,66.33,59.2504939477051,4467336,0.0000,1.0
2016-10-25,65.61,65.61,64.24,64.6,57.7051395902571,3100175,0.0000,1.0
2016-10-24,66.25,67.08,65.49,65.79,58.7681290037618,2269800,0.0000,1.0
2016-10-21,65.11,65.97,64.76,65.76,58.7413309513205,1283017,0.0000,1.0
2016-10-20,65.25,66.39,65.175,65.81,58.785994372056,2280558,0.0000,1.0
2016-10-19,65.04,65.81,64.6,65.43,58.4465523744663,1558202,0.0000,1.0
2016-10-18,65.9,66.04,64.945,64.96,58.0267162195526,1341998,0.0000,1.0
2016-10-17,65.9,66.14,65.075,65.27,58.3036294281127,1769281,0.0000,1.0
2016-10-14,65.71,66.39,65.59,65.79,58.7681290037618,1391397,0.0000,1.0
2016-10-13,65.39,65.6,64.85,65.39,58.4108216378779,2162329,0.0000,1.0
2016-10-12,64.85,66.19,64.79,65.92,58.8842538976741,1966087,0.0000,1.0
2016-10-11,66.27,66.68,64.58,64.78,57.8659279049048,3703994,0.0000,1.0
2016-10-10,67.79,68.01,66.93,67.22,60.0455028367969,830879,0.0000,1.0
2016-10-07,68.68,68.68,67.31,67.45,60.2509545721802,1927781,0.0000,1.0
2016-10-06,67.61,68.82,67.61,68.78,61.4390015637443,1452998,0.0000,1.0
2016-10-05,67.45,67.81,67.08,67.56,60.3492140977983,1595937,0.0000,1.0
2016-10-04,67.83,68.015,66.9,66.99,59.8400511014136,1701102,0.0000,1.0
2016-10-03,67.53,68.27,67.49,67.74,60.510002412446,1358765,0.0000,1.0
2016-09-30,67.31,68.22,67.26,67.94,60.688656095388,2132581,0.0000,1.0
2016-09-29,67.25,68.23,66.93,67.1,59.9383106270317,2384729,0.0000,1.0
2016-09-28,66.71,67.595,66.71,67.49,60.2866853087686,2314538,0.0000,1.0
2016-09-27,65.18,66.775,64.84,66.69,59.5720705770007,3012393,0.0000,1.0
2016-09-26,64.46,65.63,64.39,65.39,58.4108216378779,2376759,0.0000,1.0
2016-09-23,65.58,65.58,64.575,64.65,57.7498030109926,2248494,0.0000,1.0
2016-09-22,66.15,66.59,65.67,66.05,59.0003787915864,2294457,0.0000,1.0
2016-09-21,64.41,65.57,64.2,65.52,58.5269465317901,1813087,0.0000,1.0
2016-09-20,64.66,64.94,63.96,64.06,57.2227746463137,1763169,0.0000,1.0
2016-09-19,63.85,64.59,63.67,64.02,57.1870439097253,1680632,0.0000,1.0
2016-09-16,63.43,63.48,62.97,63.31,56.5528233352813,2462210,0.0000,1.0
2016-09-15,63.56,63.99,63.29,63.83,57.0173229109305,2883018,0.0000,1.0
2016-09-14,63.8,64.12,63.31,63.73,56.9279960694595,1920404,0.0000,1.0
2016-09-13,64.52,64.77,63.64,63.78,56.972659490195,1840754,0.0000,1.0
2016-09-12,62.63,65.42,62.4,65.31,58.3393601647011,3828430,0.0000,1.0
2016-09-09,66.28,66.33,63.05,63.1,56.3652369681923,5552660,0.0000,1.0
2016-09-08,67.02,67.59,66.77,67.41,60.2152238355918,1682885,0.0000,1.0
2016-09-07,66.44,67.19,66.3,67.1,59.9383106270317,1230192,0.3200,1.0
2016-09-06,68.46,68.46,66.59,66.83,59.4137837318975,2114166,0.0000,1.0
2016-09-02,68.51,68.97,68.14,68.53,60.9251324127927,1076100,0.0000,1.0
2016-09-01,67.98,68.23,67.16,68.16,60.596191817539,1478632,0.0000,1.0
2016-08-31,68.0,68.12,67.71,67.99,60.4450569494495,1506771,0.0000,1.0
2016-08-30,68.47,68.625,68.0,68.21,60.6406432493301,1214274,0.0000,1.0
2016-08-29,67.63,68.85,67.445,68.64,61.022925562733,1568486,0.0000,1.0
2016-08-26,68.02,68.3,67.34,67.64,60.1338969269123,851899,0.0000,1.0
2016-08-25,67.44,68.1201,67.27,67.79,60.2672512222854,1168621,0.0000,1.0
2016-08-24,67.91,67.96,67.42,67.55,60.0538843496884,977318,0.0000,1.0
2016-08-23,67.48,68.1,67.48,67.89,60.3561540858675,919861,0.0000,1.0
2016-08-22,67.38,67.43,66.97,67.21,59.7516146135094,1198992,0.0000,1.0
2016-08-19,67.17,67.67,67.1008,67.44,59.9560911997481,1541605,0.0000,1.0
2016-08-18,67.3,67.5,67.15,67.27,59.8049563316586,1785792,0.0000,1.0
2016-08-17,67.4,67.53,66.96,67.26,59.7960660453004,2915402,0.0000,1.0
2016-08-16,68.01,68.17,67.38,67.39,59.9116397679571,1387180,0.0000,1.0
2016-08-15,68.38,68.52,68.16,68.3,60.7206558265539,1843663,0.0000,1.0
2016-08-12,68.04,68.23,67.5,68.0,60.4539472358077,1337545,0.0000,1.0
2016-08-11,68.17,68.61,68.1,68.34,60.7562169719868,993918,0.0000,1.0
2016-08-10,68.29,68.55,67.66,67.82,60.29392208136,1242353,0.0000,1.0
2016-08-09,67.99,68.27,67.72,68.16,60.596191817539,1671720,0.0000,1.0
2016-08-08,68.35,68.55,67.63,67.77,60.249470649569,1954361,0.0000,1.0
2016-08-05,67.97,68.49,67.965,68.35,60.765107258345,1624972,0.0000,1.0
2016-08-04,67.48,68.69,67.3774,67.79,60.2672512222854,1949886,0.0000,1.0
2016-08-03,66.29,67.8,66.29,67.34,59.8671883361661,2589241,0.0000,1.0
2016-08-02,66.3,66.6,65.94,66.31,58.9514888412708,2665661,0.0000,1.0
2016-08-01,66.39,66.81,65.84,66.37,59.00483055942,2114070,0.0000,1.0
2016-07-29,66.4,66.63,66.195,66.26,58.9070374094797,2445376,0.0000,1.0
2016-07-28,65.66,66.64,65.44,66.46,59.0848431366438,3118549,0.0000,1.0
2016-07-27,64.4,66.38,64.4,65.62,58.3380590825545,4489238,0.0000,1.0
2016-07-26,67.82,68.24,67.4,68.17,60.6050821038973,2585419,0.0000,1.0
2016-07-25,67.45,67.94,67.12,67.86,60.3294832267928,1223847,0.0000,1.0
2016-07-22,66.78,67.76,66.57,67.72,60.2050192177779,1153265,0.0000,1.0
2016-07-21,67.41,67.68,66.88,67.01,59.5738088863452,1872661,0.0000,1.0
2016-07-20,67.33,67.78,66.77,67.53,60.036103776972,985880,0.0000,1.0
2016-07-19,66.84,67.11,66.521,67.11,59.6627117499273,1187956,0.0000,1.0
2016-07-18,67.69,67.69,65.76,67.13,59.6804923226437,2760320,0.0000,1.0
2016-07-15,68.33,68.61,67.9,67.94,60.4006055176585,1556895,0.0000,1.0
2016-07-14,68.01,68.62,67.905,68.01,60.4628375221659,1620797,0.0000,1.0
2016-07-13,66.98,67.55,66.78,67.52,60.0272134906138,1574569,0.0000,1.0
2016-07-12,66.45,67.1,66.315,66.94,59.5115768818378,1474554,0.0000,1.0
2016-07-11,66.0,66.5,65.87,65.88,58.5692065278678,1560179,0.0000,1.0
2016-07-08,65.14,65.86,65.14,65.74,58.4447425188529,1216548,0.0000,1.0
2016-07-07,64.24,64.99,64.01,64.52,57.3601275831517,1394453,0.0000,1.0
2016-07-06,62.77,64.07,62.46,64.06,56.9511744106742,2304974,0.0000,1.0
2016-07-05,63.71,63.78,62.77,63.08,56.0799263475699,1767908,0.0000,1.0
2016-07-01,63.77,64.465,63.43,64.01,56.9067229788831,1859216,0.0000,1.0
2016-06-30,62.03,63.71,61.8601,63.68,56.6133435290623,2963135,0.0000,1.0
2016-06-29,61.15,61.97,60.58,61.84,54.9775308391522,2429647,0.0000,1.0
2016-06-28,59.95,60.31,59.34,60.31,53.6173170263465,3106008,0.0000,1.0
2016-06-27,62.04,62.09,59.1,59.18,52.6127146678691,4309934,0.0000,1.0
2016-06-24,63.35,64.32,62.79,62.87,55.8932303340475,4607813,0.0000,1.0
2016-06-23,66.17,66.31,65.75,66.29,58.9337082685543,1065358,0.0000,1.0
2016-06-22,65.55,66.03,65.19,65.36,58.1069116372411,941007,0.0000,1.0
2016-06-21,65.93,66.1,65.36,65.4,58.1424727826739,1109647,0.0000,1.0
2016-06-20,65.99,66.59,65.92,65.97,58.6492191050917,1348439,0.0000,1.0
2016-06-17,64.67,65.31,64.45,65.14,57.9113253373605,1873357,0.0000,1.0
2016-06-16,64.08,64.63,63.43,64.55,57.3867984422263,1376690,0.0000,1.0
2016-06-15,63.87,64.7,63.73,64.32,57.1823218559875,2214162,0.0000,1.0
2016-06-14,63.3,63.69,63.0,63.66,56.5955629563459,1592935,0.0000,1.0
2016-06-13,64.15,64.41,63.55,63.55,56.4977698064056,1154982,0.0000,1.0
2016-06-10,65.05,65.1,64.08,64.49,57.3334567240771,1024456,0.0000,1.0
2016-06-09,65.41,65.76,65.16,65.69,58.4002910870619,971310,0.0000,1.0
2016-06-08,65.8,66.2,65.56,65.84,58.533645382435,1370046,0.3200,1.0
2016-06-07,66.11,66.65,65.53,65.84,58.2505322245998,2114637,0.0000,1.0
2016-06-06,65.94,66.08,65.24,65.9,58.3036159416939,3541392,0.0000,1.0
2016-06-03,66.27,66.42,65.35,65.8,58.2151430798704,1659231,0.0000,1.0
2016-06-02,66.22,66.57,66.01,66.57,58.8963841159114,913641,0.0000,1.0
2016-06-01,66.35,66.585,65.16,66.5,58.834453112635,1627024,0.0000,1.0
2016-05-31,66.54,66.96,66.3,66.81,59.1087189842878,1842785,0.0000,1.0
2016-05-27,66.29,66.61,65.87,66.48,58.8167585402703,1426462,0.0000,1.0
2016-05-26,66.51,66.94,66.18,66.28,58.6398128166232,1119420,0.0000,1.0
2016-05-25,65.98,66.585,65.93,66.29,58.6486601028056,1254621,0.0000,1.0
2016-05-24,65.03,65.82,64.89,65.55,57.9939609253116,999221,0.0000,1.0
2016-05-23,64.24,64.78,63.76,64.58,57.1357741656235,1065006,0.0000,1.0
2016-05-20,64.47,64.95,64.18,64.2,56.7995772906942,1714895,0.0000,1.0
2016-05-19,64.74,64.84,63.69,64.01,56.6314788532295,2587547,0.0000,1.0
2016-05-18,65.45,66.11,64.73,65.2,57.6843059089293,1979112,0.0000,1.0
2016-05-17,66.19,66.66,65.42,65.63,58.0647392147704,1632566,0.0000,1.0
2016-05-16,65.87,66.71,65.87,66.33,58.684049247535,2106708,0.0000,1.0
2016-05-13,65.72,66.32,65.16,65.59,58.029350070041,1627142,0.0000,1.0
2016-05-12,66.28,66.49,65.35,65.92,58.3213105140586,1268372,0.0000,1.0
2016-05-11,66.2,66.85,65.84,65.94,58.3390050864233,1626855,0.0000,1.0
2016-05-10,65.66,66.45,65.36,66.34,58.6928965337173,1296372,0.0000,1.0
2016-05-09,65.29,65.52,64.97,65.25,57.7285423398411,1299711,0.0000,1.0
2016-05-06,64.66,65.57,64.59,65.53,57.9762663529469,1266340,0.0000,1.0
2016-05-05,65.18,65.53,64.56,64.85,57.374650892547,1649750,0.0000,1.0
2016-05-04,65.57,65.74,64.53,64.85,57.374650892547,1691064,0.0000,1.0
2016-05-03,65.57,66.12,65.15,66.0,58.3920888035174,1595114,0.0000,1.0
2016-05-02,65.87,66.55,65.29,66.14,58.5159508100703,1985779,0.0000,1.0
2016-04-29,65.12,65.8,64.95,65.54,57.9851136391293,2454504,0.0000,1.0
2016-04-28,65.76,66.42,65.18,65.33,57.7993206292999,1850870,0.0000,1.0
2016-04-27,65.56,66.3,65.29,66.06,58.4451725206115,2233444,0.0000,1.0
2016-04-26,67.06,67.48,65.06,65.39,57.852404346394,4098283,0.0000,1.0
2016-04-25,64.07,64.3,63.46,64.03,56.6491734255942,2077855,0.0000,1.0
2016-04-22,63.71,64.47,63.56,64.44,57.0119121590706,1390385,0.0000,1.0
2016-04-21,63.7,64.31,63.41,63.53,56.2068091164767,1105172,0.0000,1.0
2016-04-20,63.93,64.1,63.42,63.62,56.2864346921178,1393761,0.0000,1.0
2016-04-19,64.4,64.5,63.6,63.88,56.516464132859,1248158,0.0000,1.0
2016-04-18,63.41,64.0898,63.355,63.9,56.5341587052237,1098917,0.0000,1.0
2016-04-15,63.72,64.09,63.4,63.77,56.4191439848531,916367,0.0000,1.0
2016-04-14,63.93,63.93,63.1761,63.68,56.3395184092119,1501373,0.0000,1.0
2016-04-13,61.96,63.47,61.69,63.33,56.0298633928297,1733249,0.0000,1.0
2016-04-12,60.76,61.66,60.76,61.45,54.3665735905476,1314920,0.0000,1.0
2016-04-11,60.56,61.28,60.39,60.65,53.6587906959596,1809406,0.0000,1.0
2016-04-08,60.13,61.23,60.09,60.35,53.393372110489,1814635,0.0000,1.0
2016-04-07,59.63,60.28,59.36,59.6,52.7298256468127,1389040,0.0000,1.0
2016-04-06,60.3,60.3,59.17,59.88,52.9775496599185,1645120,0.0000,1.0
2016-04-05,60.77,60.86,60.01,60.15,53.216426386842,2517216,0.0000,1.0
2016-04-04,61.96,62.04,61.29,61.43,54.3488790181829,1624549,0.0000,1.0
2016-04-01,61.29,62.21,60.87,62.08,54.9239526200358,1870824,0.0000,1.0
2016-03-31,62.05,62.23,61.76,62.01,54.8620216167593,1720682,0.0000,1.0
2016-03-30,62.35,62.48,61.77,62.07,54.9151053338534,1755862,0.0000,1.0
2016-03-29,61.0,62.23,60.55,62.07,54.9151053338534,2213248,0.0000,1.0
2016-03-28,60.52,61.33,60.36,61.28,54.2161697254477,1959450,0.0000,1.0
2016-03-24,60.75,61.36,60.63,61.28,54.2161697254477,1811989,0.0000,1.0
2016-03-23,61.5,61.69,60.81,61.41,54.3311844458182,1924510,0.0000,1.0
2016-03-22,61.49,61.97,61.3,61.57,54.4727410247359,2087972,0.0000,1.0
2016-03-21,61.31,61.96,61.16,61.95,54.8089378996652,2306492,0.0000,1.0
2016-03-18,61.06,61.8,60.74,61.69,54.5789084589241,4132974,0.0000,1.0
2016-03-17,59.21,61.0101,59.08,61.0,53.9684457123418,3406999,0.0000,1.0
2016-03-16,58.64,59.39,58.25,59.22,52.3936287718833,1639283,0.0000,1.0
2016-03-15,58.68,58.68,57.89,58.64,51.880486173307,1876130,0.0000,1.0
2016-03-14,59.51,59.59,58.856,59.1,52.2874613376951,1790802,0.0000,1.0
2016-03-11,58.14,58.96,58.0566,58.79,52.0131954660422,1901497,0.0000,1.0
2016-03-10,57.52,57.71,56.73,57.41,50.7922699728778,2345485,0.0000,1.0
2016-03-09,57.22,57.55,56.98,57.31,50.7037971110543,1383965,0.3200,1.0
2016-03-08,58.0,58.17,56.89,57.2,50.3254762233612,2260263,0.0000,1.0
2016-03-07,57.52,58.78,57.52,58.31,51.3020720032201,2495655,0.0000,1.0
2016-03-04,57.39,57.9,56.95,57.43,50.5278339074761,1939372,0.0000,1.0
2016-03-03,57.15,58.06,57.0601,57.57,50.6510081499808,1744122,0.0000,1.0
2016-03-02,56.75,57.23,56.61,57.23,50.3518707038979,1677271,0.0000,1.0
2016-03-01,56.18,57.28,55.51,57.1,50.2374946215721,2260796,0.0000,1.0
2016-02-29,56.59,56.74,55.53,55.56,48.8825779540201,2709035,0.0000,1.0
2016-02-26,56.75,57.0,56.05,56.55,49.7535958117321,2421477,0.0000,1.0
2016-02-25,55.56,56.49,55.05,56.49,49.7008068506586,2685649,0.0000,1.0
2016-02-24,52.71,55.63,52.31,55.45,48.7857981920521,4893525,0.0000,1.0
2016-02-23,53.65,54.87,53.33,53.42,46.9997716757335,2619121,0.0000,1.0
2016-02-22,52.42,53.76,52.3,53.7,47.2461201607429,2185967,0.0000,1.0
2016-02-19,52.07,52.07,51.32,52.02,45.7680292506862,1387148,0.0000,1.0
2016-02-18,52.63,52.78,51.92,52.1,45.8384145321174,2145226,0.0000,1.0
2016-02-17,52.35,53.54,52.11,52.45,46.1463501383793,2996012,0.0000,1.0
2016-02-16,51.99,51.99,50.98,51.74,45.5216807656767,3221915,0.0000,1.0
2016-02-12,49.63,51.45,49.08,51.32,45.1521580381625,6507292,0.0000,1.0
2016-02-11,48.63,49.61,48.31,48.99,43.1021867164767,2140180,0.0000,1.0
2016-02-10,49.91,50.57,49.435,49.55,43.5948836864956,2366293,0.0000,1.0
2016-02-09,50.49,51.55,49.29,50.15,44.1227732972301,3818359,0.0000,1.0
2016-02-08,50.23,50.31,48.96,49.46,43.5157002448854,3417528,0.0000,1.0
2016-02-05,51.3,52.07,50.92,51.34,45.1697543585203,3152344,0.0000,1.0
2016-02-04,49.78,51.92,49.69,51.3,45.1345617178047,2790020,0.0000,1.0
2016-02-03,49.03,50.29,48.24,49.95,43.9468100936519,3195556,0.0000,1.0
2016-02-02,50.26,50.26,48.49,48.8,42.9350216730774,3280830,0.0000,1.0
2016-02-01,50.91,51.11,49.86,50.91,44.7914334708272,1669753,0.0000,1.0
2016-01-29,50.45,51.52,50.24,51.47,45.2841304408462,2522554,0.0000,1.0
2016-01-28,50.97,51.06,49.51,49.95,43.9468100936519,2425809,0.0000,1.0
2016-01-27,50.36,51.06,49.68,50.02,44.0083972149043,2419773,0.0000,1.0
2016-01-26,49.21,50.67,48.99,50.59,44.5098923451021,2317444,0.0000,1.0
2016-01-25,50.05,50.43,48.76,48.82,42.9526179934352,2704222,0.0000,1.0
2016-01-22,49.41,50.82,49.32,50.46,44.3955162627763,1786493,0.0000,1.0
2016-01-21,49.08,49.68,48.05,48.83,42.9614161536141,3168845,0.0000,1.0
2016-01-20,49.94,49.94,47.082,48.92,43.0405995952243,4184863,0.0000,1.0
2016-01-19,52.37,52.56,50.03,50.58,44.5010941849232,3519754,0.0000,1.0
2016-01-15,50.62,52.03,50.56,51.74,45.5216807656767,2525229,0.0000,1.0
2016-01-14,51.54,52.405,50.6,52.06,45.8032218914018,1915281,0.0000,1.0
2016-01-13,52.71,52.98,51.32,51.39,45.2137451594149,2909072,0.0000,1.0
2016-01-12,52.04,52.61,51.41,52.32,46.0319740560534,2044860,0.0000,1.0
2016-01-11,51.6,51.93,50.94,51.48,45.2929286010251,2206324,0.0000,1.0
2016-01-08,52.08,52.24,51.19,51.31,45.1433598779836,1841528,0.0000,1.0
2016-01-07,52.31,52.56,51.575,51.8,45.5744697267502,2301351,0.0000,1.0
2016-01-06,53.76,54.21,53.03,53.39,46.9733771951967,2288372,0.0000,1.0
2016-01-05,55.31,55.7,54.42,54.55,47.9939637759502,2345313,0.0000,1.0
2016-01-04,54.4,55.22,53.98,55.14,48.5130552265059,2637382,0.0000,1.0
2015-12-31,55.45,55.8234,55.27,55.29,48.6450276291895,1091728,0.0000,1.0
2015-12-30,56.22,56.48,55.78,55.83,49.1201282788506,1248212,0.0000,1.0
2015-12-29,55.9,56.37,55.52,56.23,49.472054686007,1422283,0.0000,1.0
2015-12-28,55.52,55.68,55.05,55.51,48.8385871531255,1204731,0.0000,1.0
2015-12-24,55.53,55.846,55.39,55.63,48.9441650752724,455321,0.0000,1.0
2015-12-23,54.61,56.08,54.41,55.64,48.9529632354513,2404176,0.0000,1.0
2015-12-22,53.3,54.52,53.25,54.23,47.7124226502251,2684135,0.0000,1.0
2015-12-21,53.01,53.33,52.39,53.14,46.753423190724,1744724,0.0000,1.0
2015-12-18,53.17,53.4,52.56,52.62,46.2959188614207,2750920,0.0000,1.0
2015-12-17,54.46,54.8,53.41,53.42,46.9997716757335,2314389,0.0000,1.0
2015-12-16,53.7,54.46,53.37,54.36,47.8267987325509,1918911,0.0000,1.0
2015-12-15,54.47,54.77,53.44,53.5,47.0701569571647,2141056,0.0000,1.0
2015-12-14,54.6,54.82,53.61,54.16,47.6508355289728,1784972,0.0000,1.0
2015-12-11,54.43,55.1,54.21,54.56,48.0027619361291,2933917,0.0000,1.0
2015-12-10,54.75,55.53,54.65,54.89,48.2931012220331,2439297,0.0000,1.0
2015-12-09,54.82,55.79,54.55,54.95,48.3458901831066,2743187,0.2900,1.0
2015-12-08,56.71,56.71,55.25,55.36,48.4509138402748,2736000,0.0000,1.0
2015-12-07,58.0,58.19,57.155,57.25,50.1050364406744,1795420,0.0000,1.0
2015-12-04,57.88,58.46,57.5,58.43,51.1377690694953,1676950,0.0000,1.0
2015-12-03,58.13,58.19,57.08,57.64,50.4463633264711,2426887,0.0000,1.0
2015-12-02,58.82,59.087,57.96,58.04,50.7964421836985,1780112,0.0000,1.0
2015-12-01,58.75,59.05,58.36,58.98,51.619127498183,2009882,0.0000,1.0
2015-11-30,58.5,59.12,58.46,58.67,51.3478163838317,2314496,0.0000,1.0
2015-11-27,58.5,58.83,58.09,58.53,51.2252887838021,534604,0.0000,1.0
2015-11-25,58.57,59.0,58.4,58.51,51.2077848409407,1648072,0.0000,1.0
2015-11-24,58.19,58.66,57.72,58.5,51.1990328695101,1229965,0.0000,1.0
2015-11-23,58.85,58.87,58.32,58.41,51.1202651266339,2291414,0.0000,1.0
2015-11-20,58.9,59.44,58.6,58.7,51.3740722981238,1829308,0.0000,1.0
2015-11-19,58.18,58.79,57.88,58.67,51.3478163838317,1634287,0.0000,1.0
2015-11-18,57.66,58.1,57.23,58.03,50.7876902122678,1771759,0.0000,1.0
2015-11-17,57.86,58.1,57.13,57.25,50.1050364406744,1193191,0.0000,1.0
2015-11-16,56.89,57.73,56.75,57.7,50.4988751550552,1940438,0.0000,1.0
2015-11-13,57.0,57.66,56.658,56.86,49.7637095548776,1567048,0.0000,1.0
2015-11-12,58.23,58.4,56.95,57.06,49.9387489834914,2101407,0.0000,1.0
2015-11-11,59.15,59.17,58.47,58.84,51.4965998981534,1163474,0.0000,1.0
2015-11-10,58.86,59.08,58.35,58.87,51.5228558124454,1543127,0.0000,1.0
2015-11-09,60.01,60.17,58.63,59.15,51.7679110125046,2164499,0.0000,1.0
2015-11-06,59.54,60.14,59.15,60.05,52.5555884412663,2263802,0.0000,1.0
2015-11-05,59.58,60.01,59.37,59.91,52.4330608412367,2906457,0.0000,1.0
2015-11-04,60.1,60.26,59.32,59.54,52.1092378983014,2432761,0.0000,1.0
2015-11-03,59.89,60.43,59.5,59.81,52.3455411269299,3058701,0.0000,1.0
2015-11-02,59.33,60.36,59.1,60.21,52.6956199841573,2493415,0.0000,1.0
2015-10-30,59.04,60.02,58.8,59.26,51.8641826982422,2663621,0.0000,1.0
2015-10-29,58.29,59.045,58.06,58.98,51.619127498183,2051694,0.0000,1.0
2015-10-28,57.38,58.735,57.21,58.66,51.339064412401,3559919,0.0000,1.0
2015-10-27,57.66,58.0,55.73,57.39,50.227564040704,5099333,0.0000,1.0
2015-10-26,56.53,56.97,56.11,56.81,49.7199496977242,3355700,0.0000,1.0
2015-10-23,55.95,56.75,55.84,56.58,49.5186543548185,5474021,0.0000,1.0
2015-10-22,54.33,56.07,54.33,55.67,48.7222249546261,3372108,0.0000,1.0
2015-10-21,54.59,55.27,54.23,54.32,47.5407088114835,2012715,0.0000,1.0
2015-10-20,53.2,54.83,53.05,54.33,47.5494607829142,3211751,0.0000,1.0
2015-10-19,53.38,53.68,53.1,53.35,46.691767582707,2139512,0.0000,1.0
2015-10-16,54.04,54.1501,53.23,53.6,46.9105668684742,5119639,0.0000,1.0
2015-10-15,53.67,54.28,53.19,54.25,47.4794450114687,2067158,0.0000,1.0
2015-10-14,53.82,53.95,53.21,53.48,46.805543211306,2054538,0.0000,1.0
2015-10-13,54.08,54.64,53.76,53.83,47.1118622113799,1394489,0.0000,1.0
2015-10-12,54.79,54.97,54.3,54.58,47.7682600686814,1578236,0.0000,1.0
2015-10-09,55.0,55.83,54.76,54.85,48.0045632973099,3241613,0.0000,1.0
2015-10-08,53.51,55.015,53.4,54.86,48.0133152687405,2948102,0.0000,1.0
2015-10-07,53.5,54.66,53.32,53.75,47.0418464399345,3101317,0.0000,1.0
2015-10-06,52.89,53.57,52.66,53.32,46.665511668415,2700693,0.0000,1.0
2015-10-05,51.7,53.05,51.21,52.81,46.21916112545,3537971,0.0000,1.0
2015-10-02,50.04,51.39,49.74,51.39,44.9763811822927,2938155,0.0000,1.0
2015-10-01,50.8,51.02,49.94,50.69,44.3637431821447,2850205,0.0000,1.0
2015-09-30,51.03,51.32,49.8,50.77,44.4337589535902,6650782,0.0000,1.0
2015-09-29,51.3,51.59,50.28,50.61,44.2937274106992,3951966,0.0000,1.0
2015-09-28,52.05,52.25,50.93,50.97,44.6087983822039,2161689,0.0000,1.0
2015-09-25,53.14,53.38,52.3051,52.52,45.9653539539601,2225077,0.0000,1.0
2015-09-24,52.29,52.74,51.39,52.66,46.0878815539897,3511460,0.0000,1.0
2015-09-23,53.94,54.03,52.8301,53.14,46.5079761826626,2376475,0.0000,1.0
2015-09-22,54.0,54.05,53.29,53.93,47.1993819256868,2393467,0.0000,1.0
2015-09-21,55.06,55.51,54.6,54.81,47.9695554115871,1514945,0.0000,1.0
2015-09-18,53.5,55.63,53.5,54.95,48.0920830116167,2963870,0.0000,1.0
2015-09-17,56.87,57.19,56.0,56.12,49.1160636690069,2710233,0.0000,1.0
2015-09-16,56.4,57.31,56.23,57.1,49.9737568692141,3243409,0.0000,1.0
2015-09-15,55.42,56.555,54.99,56.48,49.4311346405116,3180763,0.0000,1.0
2015-09-14,54.98,55.17,54.77,54.96,48.1008349830474,3084467,0.0000,1.0
2015-09-11,54.15,55.08,53.93,55.0,48.1358428687701,3018727,0.0000,1.0
2015-09-10,54.09,55.1,53.98,54.29,47.5144528971915,2988124,0.0000,1.0
2015-09-09,54.4,55.33,54.16,54.26,47.4881969828994,1273154,0.2900,1.0
2015-09-08,53.77,54.0,53.3,53.89,46.9136376793483,3429045,0.0000,1.0
2015-09-04,53.0,53.465,52.72,52.84,45.9995660600624,3234265,0.0000,1.0
2015-09-03,54.12,54.7,53.6,53.67,46.7221179114979,6715320,0.0000,1.0
2015-09-02,54.42,54.62,53.475,54.23,47.2096227751171,3940721,0.0000,1.0
2015-09-01,54.14,54.33,53.26,53.58,46.6437689155591,6049302,0.0000,1.0
2015-08-31,55.5,55.9,55.15,55.29,48.1323998383961,2331925,0.0000,1.0
2015-08-28,56.11,56.42,55.57,55.73,48.5154393740969,4012758,0.0000,1.0
2015-08-27,56.06,56.76,55.05,55.94,48.6982536979541,3524184,0.0000,1.0
2015-08-26,55.64,55.85,54.18,55.37,48.2020433903417,2667745,0.0000,1.0
2015-08-25,57.55,57.55,54.28,54.31,47.2792663270627,2878790,0.0000,1.0
2015-08-24,52.53,56.87,52.53,55.56,48.3674468262125,5506347,0.0000,1.0
2015-08-21,58.94,59.34,57.75,57.78,50.3000553927026,2630031,0.0000,1.0
2015-08-20,60.37,60.68,59.57,59.59,51.8757407554716,2183081,0.0000,1.0
2015-08-19,61.64,62.03,60.92,60.92,53.0335648065671,1803878,0.0000,1.0
2015-08-18,61.82,62.275,61.75,62.14,54.0956289737373,1901424,0.0000,1.0
2015-08-17,61.26,62.41,61.02,62.12,54.0782180857509,1966287,0.0000,1.0
2015-08-14,61.49,61.99,61.27,61.55,53.5820077781386,1706876,0.0000,1.0
2015-08-13,61.47,61.87,61.32,61.38,53.4340152302542,2068063,0.0000,1.0
2015-08-12,60.43,61.75,60.03,61.64,53.6603567740774,2606084,0.0000,1.0
2015-08-11,61.02,61.37,60.6725,61.06,53.1554410224718,2164397,0.0000,1.0
2015-08-10,60.58,61.825,60.55,61.6,53.6255349981046,2683831,0.0000,1.0
2015-08-07,59.96,60.41,59.69,60.25,52.4503000590227,3774112,0.0000,1.0
2015-08-06,59.99,60.27,59.79,60.01,52.241369403186,2701511,0.0000,1.0
2015-08-05,59.8,60.47,59.8,59.96,52.19784218322,3193975,0.0000,1.0
2015-08-04,60.78,61.155,59.06,59.38,51.6929264316144,4526677,0.0000,1.0
2015-08-03,61.19,61.28,60.46,60.53,52.6940524908323,3543610,0.0000,1.0
2015-07-31,61.27,61.77,61.18,61.4,53.4514261182406,2299789,0.0000,1.0
2015-07-30,61.06,61.2625,60.69,61.11,53.1989682424378,2660752,0.0000,1.0
2015-07-29,60.84,62.08,60.63,61.5,53.5384805581726,4237247,0.0000,1.0
2015-07-28,61.9,62.0,60.44,60.7,52.8420450387167,8875737,0.0000,1.0
2015-07-27,65.5,65.73,64.95,65.0,56.5853859557922,2215711,0.0000,1.0
2015-07-24,66.84,67.08,65.82,66.0,57.455930355112,1408473,0.0000,1.0
2015-07-23,68.25,68.25,66.89,66.97,58.3003584224523,2135531,0.0000,1.0
2015-07-22,67.97,68.48,67.64,68.2,59.3711280336158,2662869,0.0000,1.0
2015-07-21,68.93,69.08,67.77,67.99,59.1883137097586,1827811,0.0000,1.0
2015-07-20,67.89,69.28,67.77,68.76,59.8586328972349,2514455,0.0000,1.0
2015-07-17,67.68,68.33,67.21,67.63,58.8749177260034,1470314,0.0000,1.0
2015-07-16,68.53,68.69,67.59,67.68,58.9184449459694,3485368,0.0000,1.0
2015-07-15,67.62,67.71,67.1,67.37,58.6485761821803,2693640,0.0000,1.0
2015-07-14,67.29,67.59,67.23,67.45,58.7182197341259,1631856,0.0000,1.0
2015-07-13,67.43,67.51,67.08,67.23,58.5266999662755,2038452,0.0000,1.0
2015-07-10,66.79,66.92,66.18,66.41,57.8128535588332,1157288,0.0000,1.0
2015-07-09,66.92,67.28,66.1,66.1,57.542984795044,1497204,0.0000,1.0
2015-07-08,66.67,67.24,66.15,66.18,57.6126283469896,1816354,0.0000,1.0
2015-07-07,67.28,67.41,66.28,67.3,58.5876380742279,1678896,0.0000,1.0
2015-07-06,66.8,67.4,66.33,67.03,58.3525910864115,1624039,0.0000,1.0
2015-07-02,67.87,68.05,67.3,67.51,58.7704523980851,826432,0.0000,1.0
2015-07-01,68.03,68.05,67.335,67.6,58.8488013940239,1181336,0.0000,1.0
2015-06-30,68.13,68.48,67.17,67.42,58.6921034021463,1757717,0.0000,1.0
2015-06-29,68.0,68.17,67.495,67.58,58.8313905060375,1920167,0.0000,1.0
2015-06-26,68.36,68.575,67.99,68.43,59.5713532454594,1708148,0.0000,1.0
2015-06-25,68.84,68.84,67.98,68.17,59.3450117016362,950664,0.0000,1.0
2015-06-24,68.88,68.99,68.3,68.57,59.6932294613641,1123142,0.0000,1.0
2015-06-23,69.32,69.45,68.85,68.87,59.9543927811601,1395744,0.0000,1.0
2015-06-22,69.21,69.38,68.82,69.27,60.302610540888,2079474,0.0000,1.0
2015-06-19,69.45,69.53,68.98,68.99,60.0588581090785,2101173,0.0000,1.0
2015-06-18,69.0,69.8,68.95,69.43,60.4418976447792,1400923,0.0000,1.0
2015-06-17,69.18,69.3,68.535,68.98,60.0501526650853,2128902,0.0000,1.0
2015-06-16,68.7,69.14,68.6,69.06,60.1197962170309,1520952,0.0000,1.0
2015-06-15,69.13,69.3,68.43,69.04,60.1023853290445,1910591,0.0000,1.0
2015-06-12,69.98,70.47,69.64,69.86,60.8162317364868,2685846,0.0000,1.0
2015-06-11,69.49,69.75,69.4,69.65,60.6334174126296,1650651,0.0000,1.0
2015-06-10,68.72,69.57,68.55,69.19,60.2329669889425,1052699,0.2900,1.0
2015-06-09,68.65,69.0,68.4301,68.61,59.4787545352813,1258193,0.0000,1.0
2015-06-08,69.06,69.17,68.575,68.59,59.4614163179557,960580,0.0000,1.0
2015-06-05,69.02,69.24,68.63,69.11,59.9122099684199,2154629,0.0000,1.0
2015-06-04,68.79,69.12,68.245,69.05,59.8601953164432,2822112,0.0000,1.0
2015-06-03,69.36,69.505,68.905,69.09,59.8948717510943,2269064,0.0000,1.0
2015-06-02,68.84,69.71,68.6,69.24,60.0249083810359,2193799,0.0000,1.0
2015-06-01,69.03,69.27,68.39,68.99,59.8081806644666,1299054,0.0000,1.0
2015-05-29,69.29,69.5,68.59,68.78,59.6261293825484,2018217,0.0000,1.0
2015-05-28,69.41,69.7,69.04,69.44,60.1982905542914,1090862,0.0000,1.0
2015-05-27,68.96,69.68,68.64,69.52,60.2676434235935,1236599,0.0000,1.0
2015-05-26,69.05,69.066,68.46,68.59,59.4614163179557,942998,0.0000,1.0
2015-05-22,70.34,70.34,69.27,69.27,60.0509157070242,1153832,0.0000,1.0
2015-05-21,69.35,69.87,68.96,69.52,60.2676434235935,1128343,0.0000,1.0
2015-05-20,69.81,69.9,69.2,69.34,60.1115994676637,1567499,0.0000,1.0
2015-05-19,70.54,70.63,69.52,69.74,60.4583638141745,1986209,0.0000,1.0
2015-05-18,70.5,70.84,70.34,70.5,61.1172160725452,1602435,0.0000,1.0
2015-05-15,70.1,70.93,70.04,70.91,61.4726495277189,3010372,0.0000,1.0
2015-05-14,69.49,70.21,68.98,70.18,60.8398045953365,2622325,0.0000,1.0
2015-05-13,67.6,68.44,67.25,68.12,59.0539682108054,1962227,0.0000,1.0
2015-05-12,67.16,67.77,66.95,67.52,58.5338216910391,331770,0.0000,1.0
2015-05-11,67.3,67.81,67.12,67.17,58.230402887842,339865,0.0000,1.0
2015-05-08,67.94,68.33,67.36,67.44,58.4644688217369,1588094,0.0000,1.0
2015-05-07,66.83,67.41,66.6,67.14,58.2043955618537,1556781,0.0000,1.0
2015-05-06,66.01,66.82,65.47,66.82,57.926984084645,3489274,0.0000,1.0
2015-05-05,66.69,66.98,65.79,65.83,57.0687423270305,1589330,0.0000,1.0
2015-05-04,66.97,67.38,66.69,66.89,57.9876678452844,1262920,0.0000,1.0
2015-05-01,65.98,67.06,65.85,66.85,57.9529914106333,1713569,0.0000,1.0
2015-04-30,67.29,67.79,65.77,65.84,57.0774114356933,2886140,0.0000,1.0
2015-04-29,68.65,68.9599,67.58,67.65,58.6465201036551,2412402,0.0000,1.0
2015-04-28,68.53,69.22,68.2,69.19,59.9815628377221,1718641,0.0000,1.0
2015-04-27,68.67,69.4,68.41,68.63,59.4960927526068,1787561,0.0000,1.0
2015-04-24,69.14,69.14,68.23,68.63,59.4960927526068,2055735,0.0000,1.0
2015-04-23,68.82,69.4,67.94,69.06,59.868864425106,2832010,0.0000,1.0
2015-04-22,67.19,67.6,66.62,67.49,58.5078143650508,1656047,0.0000,1.0
2015-04-21,67.75,68.1125,67.14,67.2,58.2564102138304,1349481,0.0000,1.0
2015-04-20,67.75,67.85,67.4,67.68,58.6725274296434,1048675,0.0000,1.0
2015-04-17,68.29,68.36,67.08,67.34,58.3777777351092,1364822,0.0000,1.0
2015-04-16,68.95,69.41,68.675,68.8,59.6434675998739,1645099,0.0000,1.0
2015-04-15,68.92,69.42,68.68,69.19,59.9815628377221,1095779,0.0000,1.0
2015-04-14,68.49,68.7325,68.0804,68.58,59.4527472092929,1267066,0.0000,1.0
2015-04-13,68.3,69.15,68.21,68.7,59.5567765132462,1465364,0.0000,1.0
2015-04-10,67.83,68.73,67.54,68.59,59.4614163179557,2034750,0.0000,1.0
2015-04-09,67.46,67.97,67.07,67.87,58.8372404942361,1936091,0.0000,1.0
2015-04-08,67.28,67.72,67.02,67.51,58.5251525823763,1300827,0.0000,1.0
2015-04-07,68.12,68.35,67.35,67.35,58.3864468437719,1173644,0.0000,1.0
2015-04-06,66.92,68.28,66.63,67.85,58.8199022769106,1484995,0.0000,1.0
2015-04-02,66.82,67.84,66.62,67.53,58.5424907997019,1932894,0.0000,1.0
2015-04-01,68.04,68.11,66.94,67.05,58.1263735838888,2107243,0.0000,1.0
2015-03-31,68.19,68.52,67.77,68.08,59.0192917761543,1473767,0.0000,1.0
2015-03-30,68.0,68.56,67.9,68.45,59.3400487966769,1416588,0.0000,1.0
2015-03-27,67.14,67.92,66.96,67.77,58.7505494076084,1387520,0.0000,1.0
2015-03-26,66.73,67.61,66.4,67.47,58.4904761477252,2160361,0.0000,1.0
2015-03-25,67.97,68.11,66.77,66.77,57.8836385413311,1432431,0.0000,1.0
2015-03-24,67.65,68.13,67.1,67.95,58.9065933635383,1698776,0.0000,1.0
2015-03-23,68.39,68.51,67.56,67.56,58.5684981256902,1062700,0.0000,1.0
2015-03-20,68.27,68.81,68.13,68.21,59.1319901887704,1839530,0.0000,1.0
2015-03-19,68.19,68.396,67.41,67.87,58.8372404942361,1235583,0.0000,1.0
2015-03-18,67.52,68.75,67.015,68.54,59.4180707746419,1588167,0.0000,1.0
2015-03-17,67.98,68.08,67.45,67.78,58.7592185162712,1623317,0.0000,1.0
2015-03-16,67.58,68.65,67.32,68.6,59.4700854266185,1661898,0.0000,1.0
2015-03-13,67.32,67.39,66.35,67.22,58.2737484311559,1558214,0.0000,1.0
2015-03-12,66.41,67.495,66.4,67.39,58.421123278423,1055275,0.0000,1.0
2015-03-11,66.28,66.4,65.74,66.2,57.3894993475531,1268806,0.2900,1.0
2015-03-10,67.03,67.03,66.15,66.23,57.1650856036764,1846175,0.0000,1.0
2015-03-09,67.0,67.82,67.0,67.66,58.3993611949984,1321284,0.0000,1.0
2015-03-06,67.17,67.53,66.38,66.86,57.7088573676854,1621222,0.0000,1.0
2015-03-05,67.41,67.7125,67.3,67.68,58.4166237906812,1882253,0.0000,1.0
2015-03-04,67.18,67.32,66.18,67.0,57.8296955374652,2073435,0.0000,1.0
2015-03-03,67.41,67.79,66.96,67.45,58.2181039403287,1479113,0.0000,1.0
2015-03-02,67.23,68.02,67.12,67.78,58.5029367690954,1553979,0.0000,1.0
2015-02-27,67.77,67.95,67.12,67.19,57.993690196452,1605744,0.0000,1.0
2015-02-26,68.3,68.41,67.69,67.94,58.641037534558,1286925,0.0000,1.0
2015-02-25,68.38,68.59,67.88,68.22,58.8827138741175,1409391,0.0000,1.0
2015-02-24,68.35,68.84,68.2,68.75,59.3401726597124,1222477,0.0000,1.0
2015-02-23,68.8,68.94,68.31,68.64,59.2452283834568,1768650,0.0000,1.0
2015-02-20,68.02,69.01,67.6,68.81,59.3919604467609,1736816,0.0000,1.0
2015-02-19,67.63,68.17,67.5007,67.97,58.6669314280822,1309852,0.0000,1.0
2015-02-18,67.76,68.5,67.43,67.91,58.6151436410337,2121094,0.0000,1.0
2015-02-17,67.59,67.84,67.05,67.76,58.4856741734125,1402005,0.0000,1.0
2015-02-13,67.75,68.03,66.96,67.69,58.4252550885226,2065903,0.0000,1.0
2015-02-12,67.15,67.83,66.72,67.63,58.3734673014742,3518768,0.0000,1.0
2015-02-11,66.69,67.06,66.61,66.66,57.5362314108571,1988416,0.0000,1.0
2015-02-10,66.78,67.07,66.315,66.99,57.8210642396237,1658242,0.0000,1.0
2015-02-09,66.55,67.26,66.0,66.4,57.3118176669804,2258843,0.0000,1.0
2015-02-06,66.89,67.14,66.45,66.59,57.4758123259672,2637139,0.0000,1.0
2015-02-05,66.91,67.33,66.74,66.84,57.6915947720026,1890428,0.0000,1.0
2015-02-04,67.5,67.5,66.47,66.81,57.6657008784783,2005880,0.0000,1.0
2015-02-03,66.59,67.5799,66.52,67.45,58.2181039403287,2650089,0.0000,1.0
2015-02-02,66.5,66.53,64.95,66.16,57.1046665187865,3058985,0.0000,1.0
2015-01-30,65.89,66.54,64.85,66.4,57.3118176669804,4296044,0.0000,1.0
2015-01-29,63.79,64.75,63.31,64.66,55.8099718425746,2839978,0.0000,1.0
2015-01-28,65.15,65.47,63.8,63.85,55.1108367174202,2025810,0.0000,1.0
2015-01-27,64.45,65.11,63.78,64.76,55.8962848209887,1697744,0.0000,1.0
2015-01-26,64.67,65.37,63.96,65.33,56.3882687979492,1670785,0.0000,1.0
2015-01-23,64.5,65.601,64.35,64.66,55.8099718425746,3152733,0.0000,1.0
2015-01-22,63.75,64.76,63.41,64.74,55.8790222253059,2714149,0.0000,1.0
2015-01-21,62.06,63.275,61.85,63.12,54.480751974997,1864221,0.0000,1.0
2015-01-20,62.19,62.71,61.43,62.37,53.8334046368911,2466764,0.0000,1.0
2015-01-16,61.31,61.7,60.15,61.62,53.1860572987851,2902902,0.0000,1.0
2015-01-15,61.72,62.17,60.92,61.55,53.1256382138952,2754511,0.0000,1.0
2015-01-14,60.73,61.49,60.53,61.43,53.0220626397983,1577410,0.0000,1.0
2015-01-13,62.84,63.25,61.11,61.89,53.4191023405033,1337119,0.0000,1.0
2015-01-12,62.94,62.97,61.44,62.2,53.6866725735871,2258651,0.0000,1.0
2015-01-09,62.62,62.62,61.62,61.75,53.2982641707235,964306,0.0000,1.0
2015-01-08,61.69,62.46,61.648,62.43,53.8851924239396,1716821,0.0000,1.0
2015-01-07,61.51,61.78,61.02,61.19,52.8149114916044,1715164,0.0000,1.0
2015-01-06,62.22,62.36,60.36,60.86,52.5300786628378,2218717,0.0000,1.0
2015-01-05,62.7,62.99,61.89,62.16,53.6521473822214,1761834,0.0000,1.0
2015-01-02,63.49,64.0,62.64,63.26,54.6015901447768,1104235,0.0000,1.0
2014-12-31,64.58,64.634,63.35,63.39,54.7137970167152,683565,0.0000,1.0
2014-12-30,64.45,64.64,63.94,64.25,55.4560886310767,1132190,0.0000,1.0
2014-12-29,64.48,65.07,64.28,64.59,55.7495527576847,868914,0.0000,1.0
2014-12-26,64.81,65.0,64.49,64.59,55.7495527576847,738102,0.0000,1.0
2014-12-24,64.41,64.7399,64.24,64.49,55.6632397792706,379599,0.0000,1.0
2014-12-23,64.34,64.94,64.25,64.47,55.6459771835877,1210357,0.0000,1.0
2014-12-22,64.04,64.42,63.94,64.19,55.4043008440282,1379712,0.0000,1.0
2014-12-19,63.78,64.16,63.48,63.99,55.2316748871999,2286979,0.0000,1.0
2014-12-18,62.98,63.54,62.28,63.52,54.8260038886535,1462859,0.0000,1.0
2014-12-17,60.92,62.16,60.57,61.98,53.496784021076,1964307,0.0000,1.0
2014-12-16,61.29,62.33,60.73,60.78,52.4610282801065,1933016,0.0000,1.0
2014-12-15,62.23,62.64,61.19,61.58,53.1515321074195,1554696,0.0000,1.0
2014-12-12,62.35,62.81,62.04,62.07,53.5744657016487,2110124,0.0000,1.0
2014-12-11,62.53,63.58,62.53,63.1,54.4634893793142,2314560,0.0000,1.0
2014-12-10,62.61,62.73,61.99,62.29,53.7643542541598,2440529,0.2500,1.0
2014-12-09,62.25,63.04,61.8,62.96,54.1254196329053,1871492,0.0000,1.0
2014-12-08,63.42,63.62,62.44,62.57,53.7901446383559,1293836,0.0000,1.0
2014-12-05,63.28,63.87,63.185,63.6,54.6756144957557,1364704,0.0000,1.0
2014-12-04,63.54,63.74,63.07,63.28,54.4005170643305,1548806,0.0000,1.0
2014-12-03,63.06,64.45,62.98,63.81,54.8561471851285,1642565,0.0000,1.0
2014-12-02,62.54,63.28,62.355,63.06,54.2113875802257,1326679,0.0000,1.0
2014-12-01,62.86,62.95,61.64,62.12,53.4032888754142,1406083,0.0000,1.0
2014-11-28,63.34,63.39,62.8,63.06,54.2113875802257,640396,0.0000,1.0
2014-11-26,63.84,63.93,63.36,63.49,54.5810497537033,1041040,0.0000,1.0
2014-11-25,63.8,64.15,63.53,63.84,54.8819375693246,1462607,0.0000,1.0
2014-11-24,63.73,63.89,63.49,63.77,54.8217600062003,1237721,0.0000,1.0
2014-11-21,63.73,64.17,63.35,63.47,54.5638561642392,1150882,0.0000,1.0
2014-11-20,62.28,63.23,62.01,63.02,54.1770004012976,1190877,0.0000,1.0
2014-11-19,62.68,62.72,61.98,62.7,53.9019029698724,1271685,0.0000,1.0
2014-11-18,62.66,63.21,62.35,62.76,53.9534837382646,1322334,0.0000,1.0
2014-11-17,62.5,62.65,62.22,62.52,53.7471606646957,1531210,0.0000,1.0
2014-11-14,62.42,62.95,62.42,62.59,53.80733822782,1084965,0.0000,1.0
2014-11-13,63.14,63.14,62.33,62.53,53.7557574594277,1294617,0.0000,1.0
2014-11-12,62.83,63.43,62.65,63.0,54.1598068118335,1465230,0.0000,1.0
2014-11-11,63.67,63.76,62.91,63.05,54.2027907854937,1541558,0.0000,1.0
2014-11-10,63.51,63.86,63.34,63.42,54.520872190579,1628375,0.0000,1.0
2014-11-07,63.16,63.77,63.065,63.51,54.5982433431674,1465764,0.0000,1.0
2014-11-06,62.12,63.2,61.98,63.16,54.2973555275461,1855558,0.0000,1.0
2014-11-05,61.8,62.41,60.64,62.2,53.4720632332705,3315319,0.0000,1.0
2014-11-04,61.68,61.8099,61.01,61.34,52.7327388863153,1588367,0.0000,1.0
2014-11-03,62.59,62.67,61.56,61.81,53.1367882387211,2350239,0.0000,1.0
2014-10-31,62.38,62.82,62.12,62.62,53.8331286120161,2368019,0.0000,1.0
2014-10-30,61.29,62.01,60.95,61.73,53.0680138808648,1509238,0.0000,1.0
2014-10-29,61.98,62.18,60.71,61.48,52.8530940125639,1602776,0.0000,1.0
2014-10-28,60.6,62.1,60.5,62.0,53.3001273386298,2121364,0.0000,1.0
2014-10-27,60.02,60.39,59.592,60.18,51.735510697399,1989549,0.0000,1.0
2014-10-24,60.23,60.33,59.34,60.26,51.8042850552553,1734801,0.0000,1.0
2014-10-23,58.26,60.84,58.25,60.01,51.5893651869544,2756970,0.0000,1.0
2014-10-22,57.15,60.1,56.8,57.74,49.637892782782,7247657,0.0000,1.0
2014-10-21,57.85,59.13,57.77,58.34,50.1537004667042,3758481,0.0000,1.0
2014-10-20,56.38,57.25,56.09,57.15,49.1306818935918,2680104,0.0000,1.0
2014-10-17,55.54,56.87,55.41,56.48,48.5546966465453,2981008,0.0000,1.0
2014-10-16,53.0,55.12,52.99,54.91,47.2049998736155,2754965,0.0000,1.0
2014-10-15,53.27,54.31,52.47,53.94,46.3711107846079,3232270,0.0000,1.0
2014-10-14,54.01,54.64,53.83,54.08,46.4914659108564,3778932,0.0000,1.0
2014-10-13,54.75,54.94,53.48,53.57,46.0530293795225,3067741,0.0000,1.0
2014-10-10,55.77,55.97,54.61,54.67,46.9986768000466,2854746,0.0000,1.0
2014-10-09,57.42,57.48,55.7,55.84,48.004501783695,3209633,0.0000,1.0
2014-10-08,55.95,57.62,55.72,57.6,49.5175376565335,3403121,0.0000,1.0
2014-10-07,56.97,57.17,55.91,55.95,48.0990665257474,2808959,0.0000,1.0
2014-10-06,56.59,57.06,56.4,56.67,48.718035746454,3239063,0.0000,1.0
2014-10-03,56.04,56.54,55.89,56.41,48.4945190834211,2343560,0.0000,1.0
2014-10-02,55.41,55.79,54.51,55.64,47.8325658890542,2741831,0.0000,1.0
2014-10-01,56.14,56.53,55.14,55.53,47.7380011470018,3261413,0.0000,1.0
2014-09-30,57.22,57.26,56.23,56.36,48.4515351097609,2094581,0.0000,1.0
2014-09-29,56.75,57.56,56.57,57.26,49.2252466356442,1733524,0.0000,1.0
2014-09-26,56.86,57.54,56.71,57.48,49.414376119749,1875952,0.0000,1.0
2014-09-25,57.5,57.52,56.57,56.75,48.7868101043103,2412159,0.0000,1.0
2014-09-24,57.95,58.06,57.52,57.63,49.5433280407296,1886764,0.0000,1.0
2014-09-23,58.23,58.62,57.75,58.01,49.870006240547,1664950,0.0000,1.0
2014-09-22,59.24,59.34,57.99,58.2,50.0333453404557,2199801,0.0000,1.0
2014-09-19,60.35,60.5,59.155,59.27,50.9532023767837,4478000,0.0000,1.0
2014-09-18,59.98,60.36,59.85,60.14,51.7011235184709,1385700,0.0000,1.0
2014-09-17,60.04,60.54,59.51,59.87,51.4690100607059,1713600,0.0000,1.0
2014-09-16,59.41,60.24,59.13,60.06,51.6323491606146,1706100,0.0000,1.0
2014-09-15,59.7,59.92,59.4,59.57,51.2111062187448,1676500,0.0000,1.0
2014-09-12,60.15,60.31,59.58,59.86,51.4604132659738,1651300,0.0000,1.0
2014-09-11,59.65,60.41,59.62,60.29,51.8300754394514,1280900,0.0000,1.0
2014-09-10,59.42,60.21,59.39,59.89,51.48620365017,1739400,0.2500,1.0
2014-09-09,60.01,60.36,59.72,59.73,51.1352002664558,1749600,0.0000,1.0
2014-09-08,60.25,61.3,59.975,60.2,51.5375699990062,2146500,0.0000,1.0
2014-09-05,59.63,60.22,59.14,60.16,51.5033257664487,2288200,0.0000,1.0
2014-09-04,60.0,60.59,59.64,59.88,51.2636161385463,1843700,0.0000,1.0
2014-09-03,60.65,60.86,59.76,59.92,51.2978603711038,1031700,0.0000,1.0
2014-09-02,60.51,60.66,59.94,60.22,51.5546921152849,1692000,0.0000,1.0
2014-08-29,60.84,60.86,59.98,60.2,51.5375699990062,2044900,0.0000,1.0
2014-08-28,60.81,60.89,60.38,60.53,51.8200849176054,1753600,0.0000,1.0
2014-08-27,61.16,61.43,60.8,60.99,52.2138935920164,1343400,0.0000,1.0
2014-08-26,61.89,62.11,61.01,61.04,52.2566988827132,1690100,0.0000,1.0
2014-08-25,61.83,62.08,61.6,61.83,52.9330224757235,1026300,0.0000,1.0
2014-08-22,61.88,62.31,61.45,61.47,52.6248243827061,1475800,0.0000,1.0
2014-08-21,62.0,62.14,61.5601,62.01,53.0871215222321,1252800,0.0000,1.0
2014-08-20,61.57,62.125,61.38,61.96,53.0443162315353,1287500,0.0000,1.0
2014-08-19,61.84,62.08,61.45,61.55,52.6933128478211,2642100,0.0000,1.0
2014-08-18,61.06,62.19,60.91,62.18,53.2326595106014,2551600,0.0000,1.0
2014-08-15,61.13,61.36,60.02,60.55,51.8372070338841,1993600,0.0000,1.0
2014-08-14,60.82,61.14,60.47,60.86,52.1025998362046,1858400,0.0000,1.0
2014-08-13,60.77,61.185,60.49,60.84,52.0854777199258,1118800,0.0000,1.0
2014-08-12,60.2,60.725,59.96,60.28,51.6060584641211,1147900,0.0000,1.0
2014-08-11,60.27,60.755,60.16,60.35,51.6659858710967,1352700,0.0000,1.0
2014-08-08,59.13,60.01,58.93,59.93,51.3064214292432,1325200,0.0000,1.0
2014-08-07,59.27,60.03,58.85,58.9,50.4246324408881,1868000,0.0000,1.0
2014-08-06,58.49,58.95,57.95,58.53,50.1078732897314,1885800,0.0000,1.0
2014-08-05,59.06,59.97,58.84,59.02,50.5273651385605,1326200,0.0000,1.0
2014-08-04,59.21,59.44,58.72,59.31,50.7756358246023,422473,0.0000,1.0
2014-08-01,58.7,59.19,57.96,59.15,50.6386588943723,800425,0.0000,1.0
2014-07-31,60.25,60.4,58.63,58.79,50.330460801355,3093200,0.0000,1.0
2014-07-30,61.5,61.5,60.67,60.93,52.1625272431802,2200800,0.0000,1.0
2014-07-29,62.17,62.17,61.17,61.18,52.3765536966644,1857000,0.0000,1.0
2014-07-28,62.97,63.12,62.08,62.18,53.2326595106014,2102000,0.0000,1.0
2014-07-25,62.78,63.37,62.75,63.08,54.0031547431447,1461100,0.0000,1.0
2014-07-24,64.17,64.2,63.02,63.07,53.9945936850053,2334600,0.0000,1.0
2014-07-23,64.5,64.5,63.93,64.23,54.9876764291722,2456500,0.0000,1.0
2014-07-22,63.01,64.77,62.76,64.5,55.2188249989352,3271800,0.0000,1.0
2014-07-21,61.84,62.22,61.54,61.85,52.9501445920022,2037800,0.0000,1.0
2014-07-18,61.41,62.335,61.22,62.2,53.2497816268801,2142600,0.0000,1.0
2014-07-17,61.85,62.08,61.04,61.08,52.2909431152707,1833400,0.0000,1.0
2014-07-16,61.73,62.6033,61.7,62.52,53.52373548734,1513100,0.0000,1.0
2014-07-15,62.12,62.5,61.36,61.59,52.7275570803786,1935700,0.0000,1.0
2014-07-14,61.84,62.54,61.8,62.23,53.2754648012982,2208400,0.0000,1.0
2014-07-11,61.14,61.61,60.8,61.35,52.5220916850337,2140300,0.0000,1.0
2014-07-10,60.88,61.305,60.4001,60.99,52.2138935920164,1969900,0.0000,1.0
2014-07-09,61.7,61.97,61.54,61.57,52.7104349640998,1498900,0.0000,1.0
2014-07-08,62.35,62.36,61.34,61.38,52.5477748594518,2065200,0.0000,1.0
2014-07-07,62.92,63.04,62.24,62.34,53.3696364408313,1105300,0.0000,1.0
2014-07-03,62.85,63.33,62.84,63.1,54.0202768594234,588200,0.0000,1.0
2014-07-02,62.85,63.47,62.63,62.71,53.686395591988,1478400,0.0000,1.0
2014-07-01,62.87,63.3399,62.62,62.87,53.8233725222179,1209300,0.0000,1.0
2014-06-30,62.53,62.93,62.35,62.51,53.5151744292006,1622400,0.0000,1.0
2014-06-27,62.31,62.76,62.2,62.7,53.6778345338486,3799400,0.0000,1.0
2014-06-26,62.69,62.73,61.98,62.57,53.5665407780368,1412200,0.0000,1.0
2014-06-25,62.17,62.85,62.02,62.5,53.5066133710612,1635100,0.0000,1.0
2014-06-24,63.06,63.4,62.08,62.21,53.2583426850195,1892500,0.0000,1.0
2014-06-23,63.67,64.02,63.0,63.11,54.0288379175628,1439000,0.0000,1.0
2014-06-20,63.85,64.11,63.64,63.99,54.7822110338273,2692900,0.0000,1.0
2014-06-19,63.5,63.69,63.31,63.63,54.47401294081,1367900,0.0000,1.0
2014-06-18,63.0,63.52,62.51,63.47,54.3370360105801,1388600,0.0000,1.0
2014-06-17,62.58,63.225,62.24,63.02,53.9517883943085,1954300,0.0000,1.0
2014-06-16,62.07,62.87,61.96,62.84,53.7976893477998,1990300,0.0000,1.0
2014-06-13,62.06,62.3,61.73,62.3,53.3353922082738,1826200,0.0000,1.0
2014-06-12,62.03,62.36,61.845,62.03,53.1042436385109,2867000,0.0000,1.0
2014-06-11,62.47,62.53,61.98,62.2,53.2497816268801,2250200,0.2500,1.0
2014-06-10,62.35,63.0,62.13,62.96,53.6846477378443,2381000,0.0000,1.0
2014-06-09,61.95,62.92,61.61,62.51,53.3009423458171,2042000,0.0000,1.0
2014-06-06,60.57,61.99,60.57,61.97,52.8404958753845,1642300,0.0000,1.0
2014-06-05,60.42,61.15,59.8401,60.8,51.8428618561139,2672300,0.0000,1.0
2014-06-04,59.39,60.22,59.21,60.18,51.3142010937654,2112600,0.0000,1.0
2014-06-03,59.61,59.7,59.105,59.4,50.649111747585,2941500,0.0000,1.0
2014-06-02,59.83,60.1499,59.02,59.74,50.9390224882277,1385600,0.0000,1.0
2014-05-30,59.6,59.92,59.27,59.82,51.0072367801436,1946100,0.0000,1.0
2014-05-29,59.92,60.242,59.26,59.78,50.9731296341857,1888000,0.0000,1.0
2014-05-28,58.7,60.0775,58.645,59.84,51.0242903531226,2912800,0.0000,1.0
2014-05-27,58.81,59.4,58.435,58.55,49.9243348959781,1617300,0.0000,1.0
2014-05-23,57.15,58.385,57.105,58.35,49.7537991661883,1368300,0.0000,1.0
2014-05-22,57.28,57.74,57.07,57.15,48.7305847874492,688500,0.0000,1.0
2014-05-21,57.29,57.72,56.69,57.28,48.8414330118126,1453900,0.0000,1.0
2014-05-20,58.01,58.045,56.68,57.05,48.6453169225542,1674200,0.0000,1.0
2014-05-19,57.37,58.17,57.29,58.12,49.5576830769299,905100,0.0000,1.0
2014-05-16,57.31,57.61,56.81,57.6,49.1142901794763,2418200,0.0000,1.0
2014-05-15,58.2,58.35,56.6,57.16,48.7391115739387,2544900,0.0000,1.0
2014-05-14,59.31,59.31,58.43,58.51,49.8902277500201,1534200,0.0000,1.0
2014-05-13,59.36,59.94,59.27,59.38,50.632058174606,1545700,0.0000,1.0
2014-05-12,58.59,59.28,58.54,59.24,50.5126831637531,2117200,0.0000,1.0
2014-05-09,58.88,58.88,57.78,58.17,49.6003170093774,2712200,0.0000,1.0
2014-05-08,58.63,59.55,58.56,58.9,50.2227724231103,2275500,0.0000,1.0
2014-05-07,58.88,59.385,58.36,58.73,50.077817052789,2806800,0.0000,1.0
2014-05-06,59.3,59.44,58.56,58.64,50.0010759743835,1598900,0.0000,1.0
2014-05-05,59.5,59.82,59.08,59.6,50.8196474773748,997000,0.0000,1.0
2014-05-02,59.87,60.22,59.7426,59.85,51.0328171396121,1149700,0.0000,1.0
2014-05-01,59.76,60.3,59.52,59.96,51.1266117909965,1609900,0.0000,1.0
2014-04-30,58.72,59.82,58.56,59.8,50.9901832071647,2058300,0.0000,1.0
2014-04-29,58.9,58.97,58.19,58.9,50.2227724231103,1566200,0.0000,1.0
2014-04-28,59.12,59.18,57.5,58.51,49.8902277500201,2280500,0.0000,1.0
2014-04-25,59.34,59.52,58.43,58.77,50.1119241987469,2015600,0.0000,1.0
2014-04-24,60.18,60.28,59.05,59.6,50.8196474773748,2914200,0.0000,1.0
2014-04-23,59.39,60.66,59.03,59.85,51.0328171396121,6113400,0.0000,1.0
2014-04-22,57.63,58.63,57.31,57.99,49.4468348525665,4037300,0.0000,1.0
2014-04-21,57.8,57.93,57.16,57.67,49.1739776849028,1275200,0.0000,1.0
2014-04-17,57.98,58.16,57.67,57.82,49.3018794822452,3019700,0.0000,1.0
2014-04-16,58.47,58.47,56.23,57.98,49.438308066077,4888000,0.0000,1.0
2014-04-15,55.34,55.655,54.42,55.57,47.3833525221094,2574000,0.0000,1.0
2014-04-14,55.07,55.39,54.8,55.26,47.1190221409351,2589200,0.0000,1.0
2014-04-11,55.2,55.79,54.27,54.39,46.3771917163493,2667300,0.0000,1.0
2014-04-10,56.44,56.66,55.29,55.41,47.2469239382775,3032400,0.0000,1.0
2014-04-09,55.38,56.5,55.112,56.44,48.1251829466952,3610300,0.0000,1.0
2014-04-08,55.09,55.46,54.73,55.1,46.9825935571032,3714400,0.0000,1.0
2014-04-07,56.37,56.57,54.62,55.19,47.0593346355086,4447200,0.0000,1.0
2014-04-04,58.21,58.55,56.21,56.49,48.1678168791427,3271500,0.0000,1.0
2014-04-03,58.15,58.62,57.745,57.93,49.3956741336296,2053800,0.0000,1.0
2014-04-02,56.95,58.06,56.82,57.88,49.3530402011821,2389000,0.0000,1.0
2014-04-01,58.74,58.74,57.01,57.16,48.7391115739387,2809400,0.0000,1.0
2014-03-31,57.02,57.4925,56.91,57.24,48.8073258658546,2821600,0.0000,1.0
2014-03-28,56.05,57.05,55.87,56.54,48.2104508115901,3066900,0.0000,1.0
2014-03-27,56.09,56.16,54.405,55.7,47.4942007464728,5731100,0.0000,1.0
2014-03-26,58.23,58.35,56.48,56.52,48.1933972386111,3298000,0.0000,1.0
2014-03-25,58.02,58.89,57.61,57.99,49.4468348525665,2373500,0.0000,1.0
2014-03-24,59.02,59.18,57.62,57.89,49.3615669876716,1887200,0.0000,1.0
2014-03-21,59.16,59.84,58.77,58.86,50.1886652771524,4471600,0.0000,1.0
2014-03-20,57.94,58.83,57.77,58.67,50.026656333852,2056200,0.0000,1.0
2014-03-19,58.53,58.79,57.66,58.13,49.5662098634194,1801000,0.0000,1.0
2014-03-18,58.36,58.87,58.36,58.52,49.8987545365096,1723200,0.0000,1.0
2014-03-17,57.36,58.51,57.13,58.32,49.7282188067198,2918700,0.0000,1.0
2014-03-14,57.49,58.195,56.81,56.9,48.5174151252119,3906900,0.0000,1.0
2014-03-13,59.08,59.175,57.38,57.56,49.0801830335184,3078400,0.0000,1.0
2014-03-12,59.26,59.29,58.62,58.95,50.2654063555578,2182400,0.2500,1.0
2014-03-11,61.01,61.15,59.67,59.83,50.8003253758957,1725900,0.0000,1.0
2014-03-10,61.73,61.73,60.56,60.96,51.7597833012636,1377200,0.0000,1.0
2014-03-07,61.79,62.53,61.72,61.94,52.5918795551225,2286300,0.0000,1.0
2014-03-06,61.05,61.47,60.99,61.32,52.0654513128852,2070700,0.0000,1.0
2014-03-05,61.23,61.57,60.82,60.97,51.7682740793642,1341300,0.0000,1.0
2014-03-04,60.91,61.44,60.744,61.23,51.9890343099798,1961600,0.0000,1.0
2014-03-03,60.4,60.59,59.68,60.13,51.0550487189137,1846500,0.0000,1.0
2014-02-28,60.71,61.575,60.53,61.14,51.9126173070744,2856100,0.0000,1.0
2014-02-27,60.3,60.55,59.95,60.53,51.3946798429377,1887500,0.0000,1.0
2014-02-26,59.75,60.79,59.74,60.3,51.1993919466239,2545700,0.0000,1.0
2014-02-25,59.98,60.15,59.5,59.65,50.6474913700848,1453200,0.0000,1.0
2014-02-24,59.44,60.83,59.44,59.97,50.9191962693041,2038700,0.0000,1.0
2014-02-21,59.82,59.96,59.33,59.41,50.4437126956704,1736300,0.0000,1.0
2014-02-20,58.79,59.92,58.79,59.72,50.706926816789,1848900,0.0000,1.0
2014-02-19,59.25,60.1813,58.675,58.73,49.8663397848295,2444700,0.0000,1.0
2014-02-18,58.63,59.54,58.23,59.38,50.4182403613686,3215100,0.0000,1.0
2014-02-14,58.13,58.84,58.09,58.43,49.6116164418115,2338100,0.0000,1.0
2014-02-13,57.83,58.5002,57.5,58.12,49.3484023206929,2856000,0.0000,1.0
2014-02-12,57.24,58.31,57.2,58.2,49.4163285454977,6225900,0.0000,1.0
2014-02-11,58.08,60.64,57.11,57.26,48.6181954040412,7651600,0.0000,1.0
2014-02-10,59.7,59.87,58.88,59.08,50.1635170183506,2604400,0.0000,1.0
2014-02-07,58.43,59.88,58.4,59.76,50.7408899291915,2541400,0.0000,1.0
2014-02-06,57.74,58.42,57.72,58.06,49.2974576520893,2443400,0.0000,1.0
2014-02-05,59.13,59.13,57.3,57.69,48.9832988623671,3913900,0.0000,1.0
2014-02-04,56.79,57.73,56.12,57.28,48.6351769602424,2556700,0.0000,1.0
2014-02-03,58.58,59.08,56.7401,56.85,48.2700735019166,3408400,0.0000,1.0
2014-01-31,58.03,59.19,57.83,58.79,49.9172844534332,2496800,0.0000,1.0
2014-01-30,59.01,59.24,58.52,59.03,50.1210631278476,1637800,0.0000,1.0
2014-01-29,58.58,59.26,58.29,58.44,49.6201072199121,2036700,0.0000,1.0
2014-01-28,58.79,59.53,58.79,59.08,50.1635170183506,1600600,0.0000,1.0
2014-01-27,58.19,59.22,57.66,58.76,49.8918121191314,3025300,0.0000,1.0
2014-01-24,60.16,60.18,58.085,58.11,49.3399115425923,3049300,0.0000,1.0
2014-01-23,61.34,61.53,60.17,60.67,51.5135507363461,2273000,0.0000,1.0
2014-01-22,62.39,62.475,61.81,61.81,52.4814994398147,2804900,0.0000,1.0
2014-01-21,62.69,62.9,61.755,62.07,52.7022596704303,1810600,0.0000,1.0
2014-01-17,62.91,63.17,62.13,62.32,52.9145291229453,1947600,0.0000,1.0
2014-01-16,62.82,63.3799,62.74,62.88,53.390012696579,1982900,0.0000,1.0
2014-01-15,62.5,63.03,62.25,62.84,53.3560495841766,1967800,0.0000,1.0
2014-01-14,61.98,62.44,61.82,62.25,52.8550936762411,1712000,0.0000,1.0
2014-01-13,62.29,63.42,61.63,61.73,52.4135732150098,2271400,0.0000,1.0
2014-01-10,62.17,62.89,61.94,62.65,53.1947248002651,2461700,0.0000,1.0
2014-01-09,61.89,62.601,61.67,62.05,52.6852781142291,2148300,0.0000,1.0
2014-01-08,61.57,62.08,61.34,61.85,52.5154625522171,2430200,0.0000,1.0
2014-01-07,61.13,61.951,61.13,61.69,52.3796101026074,1553100,0.0000,1.0
2014-01-06,61.62,61.93,60.99,61.13,51.9041265289738,1656700,0.0000,1.0
2014-01-03,61.17,61.64,61.04,61.32,52.0654513128852,1503000,0.0000,1.0
2014-01-02,61.25,61.7,61.12,61.24,51.9975250880804,1916200,0.0000,1.0
2013-12-31,61.69,61.85,61.26,61.6,52.303193099702,1446100,0.0000,1.0
2013-12-30,61.33,61.965,61.19,61.77,52.4475363274123,1434500,0.0000,1.0
2013-12-27,61.21,61.43,60.97,61.17,51.9380896413762,1190400,0.0000,1.0
2013-12-26,61.1,61.4,60.65,61.16,51.9295988632756,919000,0.0000,1.0
2013-12-24,60.78,61.255,60.71,60.86,51.6748755202576,744100,0.0000,1.0
2013-12-23,60.48,61.15,60.21,60.96,51.7597833012636,1921500,0.0000,1.0
2013-12-20,59.27,60.39,59.05,60.12,51.0465579408131,2873300,0.0000,1.0
2013-12-19,58.54,59.3,58.51,59.15,50.2229524650548,1713700,0.0000,1.0
2013-12-18,57.76,59.05,57.42,58.96,50.0616276811434,2540500,0.0000,1.0
2013-12-17,57.96,58.11,57.28,57.44,48.771029409852,1861600,0.0000,1.0
2013-12-16,57.11,58.08,57.03,57.79,49.0682066433731,1810200,0.0000,1.0
2013-12-13,57.2,57.43,56.735,56.82,48.2446011676148,2094700,0.0000,1.0
2013-12-12,56.19,57.15,56.14,56.92,48.3295089486208,2708700,0.0000,1.0
2013-12-11,56.66,56.78,55.945,56.01,47.5568481414661,2755500,0.0000,1.0
2013-12-10,56.54,57.08,56.44,56.67,48.1172394961058,2048500,0.0000,1.0
2013-12-09,55.81,56.99,55.73,56.81,48.2361103895142,2473100,0.0000,1.0
2013-12-06,56.65,57.09,56.29,56.69,48.134221052307,3124300,0.0000,1.0
2013-12-05,55.76,56.07,55.565,55.76,47.3445786889511,3450000,0.0000,1.0
2013-12-04,55.64,56.13,55.35,55.9,47.4634495823595,3497100,0.0000,1.0
2013-12-03,55.34,56.311,54.83,56.03,47.5738296976673,4255800,0.0000,1.0
2013-12-02,56.9,57.32,55.49,55.56,47.174763126939,4592600,14.4133,1.0
2013-11-29,71.05,71.75,70.92,71.42,48.1501027181223,1600400,0.0000,1.0
2013-11-27,70.33,71.22,70.08,71.1,47.9343643693432,3449200,0.0000,1.0
2013-11-26,70.11,70.51,69.74,70.33,47.4152439675937,3870900,0.0000,1.0
2013-11-25,69.25,70.43,68.97,69.99,47.186021972016,4887000,0.0000,1.0
2013-11-22,68.08,68.89,67.64,68.84,46.4107122810913,3492200,0.0000,1.0
2013-11-21,67.74,68.1,67.49,67.97,45.8241736453483,4741500,0.0000,1.0
2013-11-20,67.64,67.98,67.13,67.73,45.662369883764,3451000,0.0000,1.0
2013-11-19,67.51,67.97,67.01,67.62,45.5882098263712,5330800,0.0000,1.0
2013-11-18,68.64,69.07,67.28,67.58,45.5612425327738,3460200,0.0000,1.0
2013-11-15,68.41,68.62,67.7,68.53,46.2017157557116,3091600,0.0000,1.0
2013-11-14,67.78,68.11,67.28,68.0,45.8443991155463,2129100,0.0000,1.0
2013-11-13,67.52,68.39,66.87,67.54,45.5342752391764,4753700,0.0000,1.0
2013-11-12,67.3,67.87,66.75,67.77,45.6893371773614,3425400,0.0000,1.0
2013-11-11,67.78,67.95,67.36,67.47,45.487082475381,2010000,0.0000,1.0
2013-11-08,66.6,67.71,66.56,67.7,45.6421444135659,1548700,0.0000,1.0
2013-11-07,67.63,68.08,66.49,66.59,44.8938020162386,1586200,0.0000,1.0
2013-11-06,67.77,68.27,67.5,67.72,45.6556280603646,1217100,0.0000,1.0
2013-11-05,67.56,67.82,66.62,67.52,45.5207915923777,1345100,0.0000,1.0
2013-11-04,67.99,68.04,67.4,67.7,45.6421444135659,920500,0.0000,1.0
2013-11-01,67.63,68.2199,66.87,67.74,45.6691117071633,1541700,0.0000,1.0
2013-10-31,66.89,68.26,66.71,67.53,45.5275334157771,1855900,0.0000,1.0
2013-10-30,68.13,68.3,66.7,67.09,45.2308931862059,1398800,0.2100,1.0
2013-10-29,67.48,68.12,67.09,68.03,45.7215106011529,1291600,0.0000,1.0
2013-10-28,67.73,67.83,67.215,67.31,45.237613972712,1639600,0.0000,1.0
2013-10-25,67.71,67.87,66.82,67.85,45.6005364440426,1994000,0.0000,1.0
2013-10-24,67.62,67.82,66.68,67.65,45.4661207139202,2200000,0.0000,1.0
2013-10-23,68.21,68.49,67.34,67.48,45.3518673433161,2062900,0.0000,1.0
2013-10-22,68.0,68.935,67.57,68.29,45.896251050312,3077900,0.0000,1.0
2013-10-21,67.0,67.82,66.5601,67.78,45.5534909384998,2907700,0.0000,1.0
2013-10-18,66.72,68.33,65.31,66.85,44.9284577934304,7491000,0.0000,1.0
2013-10-17,63.1,63.62,62.91,63.52,42.6904358868915,7288800,0.0000,1.0
2013-10-16,64.5,64.83,62.98,63.35,42.5761825162874,4607900,0.0000,1.0
2013-10-15,65.33,65.47,64.39,64.62,43.429722402565,1613000,0.0000,1.0
2013-10-14,65.27,65.88,64.65,65.68,44.142125772214,1577100,0.0000,1.0
2013-10-11,64.52,65.85,64.37,65.74,44.1824504912507,1571300,0.0000,1.0
2013-10-10,63.54,64.69,63.4,64.63,43.4364431890711,2208600,0.0000,1.0
2013-10-09,62.97,63.11,61.78,62.76,42.1796561124262,2506200,0.0000,1.0
2013-10-08,64.23,64.58,62.67,62.82,42.2199808314629,2833000,0.0000,1.0
2013-10-07,65.46,65.48,64.25,64.26,43.1877740883446,1705800,0.0000,1.0
2013-10-04,64.91,66.3,64.74,66.09,44.417678018965,1826700,0.0000,1.0
2013-10-03,65.12,65.36,64.1,64.95,43.6515083572671,1864800,0.0000,1.0
2013-10-02,64.86,65.19,64.47,65.18,43.8060864469079,1755000,0.0000,1.0
2013-10-01,65.22,65.55,64.765,65.17,43.7993656604018,1216000,0.0000,1.0
2013-09-30,64.77,65.18,64.476,64.94,43.6447875707609,2586700,0.0000,1.0
2013-09-27,65.2,65.97,65.18,65.42,43.9673853230548,1175600,0.0000,1.0
2013-09-26,65.96,66.03,65.35,65.62,44.1018010531773,1344000,0.0000,1.0
2013-09-25,65.74,66.25,65.14,65.9,44.2899830753487,1957500,0.0000,1.0
2013-09-24,64.69,66.62,64.69,65.81,44.2294959967936,2821000,0.0000,1.0
2013-09-23,65.47,65.59,64.391,64.79,43.5439757731691,1401800,0.0000,1.0
2013-09-20,65.29,66.03,65.24,65.5,44.0211516151038,4905200,0.0000,1.0
2013-09-19,65.48,65.87,65.34,65.41,43.9606645365487,1915300,0.0000,1.0
2013-09-18,64.69,65.56,64.06,65.12,43.7657617278711,1871300,0.0000,1.0
2013-09-17,64.45,64.82,64.191,64.73,43.5036510541324,1201600,0.0000,1.0
2013-09-16,64.71,64.8,64.0798,64.53,43.3692353240099,1963000,0.0000,1.0
2013-09-13,63.37,63.71,63.29,63.56,42.717319032916,1027000,0.0000,1.0
2013-09-12,63.85,64.36,63.21,63.22,42.4888122917078,1944800,0.0000,1.0
2013-09-11,64.9,64.9,63.501,63.87,42.9256634146058,2489800,0.2100,1.0
2013-09-10,62.96,64.86,62.95,64.81,43.4146730009457,3135500,0.0000,1.0
2013-09-09,62.0,62.611,61.76,62.36,41.7734764440515,1889100,0.0000,1.0
2013-09-06,61.79,62.49,60.96,61.77,41.3782495181055,1993600,0.0000,1.0
2013-09-05,61.63,62.0,61.29,61.64,41.2911656191682,2208200,0.0000,1.0
2013-09-04,60.5,61.57,60.38,61.56,41.2375755275146,2338400,0.0000,1.0
2013-09-03,60.06,60.8,60.06,60.53,40.5476030974733,3440300,0.0000,1.0
2013-08-30,59.77,59.77,58.92,59.14,39.6164752549904,1278200,0.0000,1.0
2013-08-29,58.97,59.95,58.9601,59.59,39.9179195205424,1197400,0.0000,1.0
2013-08-28,59.36,59.59,59.16,59.22,39.6700653466441,1336200,0.0000,1.0
2013-08-27,60.5,60.51,59.3,59.3,39.7236554382978,2023100,0.0000,1.0
2013-08-26,61.48,62.03,61.14,61.29,41.0567089681834,1836800,0.0000,1.0
2013-08-23,61.52,61.8,61.08,61.48,41.1839854358609,1413800,0.0000,1.0
2013-08-22,60.53,61.63,60.39,61.32,41.0768052525535,1440100,0.0000,1.0
2013-08-21,59.97,60.87,59.875,60.24,40.3533390152287,2541600,0.0000,1.0
2013-08-20,60.33,60.44,59.89,60.16,40.299748923575,2006200,0.0000,1.0
2013-08-19,60.71,61.01,60.18,60.24,40.3533390152287,2252200,0.0000,1.0
2013-08-16,60.09,61.34,60.09,60.93,40.8155535557417,1950200,0.0000,1.0
2013-08-15,61.35,61.35,60.17,60.24,40.3533390152287,1629300,0.0000,1.0
2013-08-14,61.9,62.2,61.66,61.97,41.5122247472397,1556800,0.0000,1.0
2013-08-13,61.4,62.09,61.01,62.02,41.5457185545233,1836600,0.0000,1.0
2013-08-12,60.75,61.68,60.54,61.37,41.110299059837,1893600,0.0000,1.0
2013-08-09,61.24,61.37,60.77,61.01,40.8691436473954,2510300,0.0000,1.0
2013-08-08,61.66,61.76,61.36,61.58,41.250973050428,1777700,0.0000,1.0
2013-08-07,60.78,61.55,60.68,61.31,41.0701064910968,2307400,0.0000,1.0
2013-08-06,62.0,62.0,60.67,60.88,40.7820597484582,2321800,0.0000,1.0
2013-08-05,62.24,62.55,61.8,62.21,41.6729950222008,1538800,0.0000,1.0
2013-08-02,61.71,62.56,61.34,62.51,41.8739578659021,2550000,0.0000,1.0
2013-08-01,61.78,62.28,61.72,62.11,41.6060074076337,2359200,0.0000,1.0
2013-07-31,61.27,61.78,61.0,61.05,40.8959386932223,1597500,0.0000,1.0
2013-07-30,61.46,61.73,60.97,61.1,40.9294325005058,1293100,0.0000,1.0
2013-07-29,60.95,61.35,60.86,60.99,40.855746124482,1138900,0.0000,1.0
2013-07-26,60.7,61.18,60.44,61.15,40.9629263077894,2004300,0.0000,1.0
2013-07-25,60.33,61.33,60.275,61.16,40.9696250692461,2263700,0.0000,1.0
2013-07-24,61.44,61.76,60.49,60.55,40.5610006203867,3558800,0.0000,1.0
2013-07-23,61.97,62.3,60.71,61.02,40.8758424088521,3291200,0.0000,1.0
2013-07-22,63.35,63.35,61.5,61.69,41.3246594264518,3955900,0.0000,1.0
2013-07-19,61.92,63.33,60.64,62.95,42.1687033699974,4620000,0.0000,1.0
2013-07-18,58.97,60.16,58.88,59.92,40.1389786486139,2294400,0.0000,1.0
2013-07-17,58.41,59.0,58.41,58.76,39.3619223196354,1691400,0.0000,1.0
2013-07-16,59.22,59.33,57.99,58.17,38.9666953936894,2556300,0.0000,1.0
2013-07-15,59.44,59.575,58.91,59.33,39.7437517226679,1644200,0.0000,1.0
2013-07-12,59.06,59.41,58.89,59.09,39.5829814477069,1603900,0.0000,1.0
2013-07-11,58.94,59.49,58.85,59.02,39.5360901175099,2346300,0.0000,1.0
2013-07-10,57.98,58.41,57.71,57.99,38.8461176874686,1234500,0.0000,1.0
2013-07-09,57.67,58.3727,57.34,58.03,38.8729127332955,1242300,0.0000,1.0
2013-07-08,57.94,58.06,57.18,57.23,38.3370118167586,2192200,0.0000,1.0
2013-07-05,56.74,57.93,56.62,57.75,38.6853474125076,2465800,0.0000,1.0
2013-07-03,55.39,56.206,55.32,55.97,37.492967873213,796000,0.0000,1.0
2013-07-02,56.12,56.33,55.51,55.69,37.305402552425,2848500,0.0000,1.0
2013-07-01,55.89,56.7,55.65,56.23,37.6671356710874,3009900,0.0000,1.0
2013-06-28,55.42,55.71,55.01,55.52,37.1915236076609,3430600,0.0000,1.0
2013-06-27,55.13,55.7,55.0,55.49,37.1714273232908,2642500,0.0000,1.0
2013-06-26,54.67,55.05,54.37,54.63,36.5953338380136,2890400,0.0000,1.0
2013-06-25,54.09,54.85,53.95,54.11,36.2469982422647,2420200,0.0000,1.0
2013-06-24,54.53,54.64,53.39,53.46,35.8115787475784,3302700,0.0000,1.0
2013-06-21,55.45,55.93,54.73,55.04,36.8699830577388,2895600,0.0000,1.0
2013-06-20,56.29,56.34,54.93,55.07,36.8900793421089,2820800,0.0000,1.0
2013-06-19,57.69,57.84,56.57,56.57,37.8948935606156,2265600,0.0000,1.0
2013-06-18,56.68,57.93,56.5,57.61,38.5915647521136,2974800,0.0000,1.0
2013-06-17,57.06,57.12,56.24,56.6,37.9149898449858,2258100,0.0000,1.0
2013-06-14,56.2,56.99,56.03,56.43,37.8011109002217,2339100,0.0000,1.0
2013-06-13,55.84,56.36,55.7,56.25,37.6805331940009,2825300,0.0000,1.0
2013-06-12,57.16,57.22,55.795,55.9,37.446076543016,2310400,0.2100,1.0
2013-06-11,57.04,57.31,56.6,56.65,37.8064558218117,1836000,0.0000,1.0
2013-06-10,58.3,58.41,57.61,57.68,38.4938459276628,2424800,0.0000,1.0
2013-06-07,57.21,58.07,57.07,58.04,38.7340987801933,4453600,0.0000,1.0
2013-06-06,55.9,56.78,55.781,56.64,37.7997821314636,4124000,0.0000,1.0
2013-06-05,56.75,57.29,55.75,55.83,37.25921321327,3039200,0.0000,1.0
2013-06-04,58.35,58.89,56.8,57.06,38.0800771260825,2799500,0.0000,1.0
2013-06-03,57.7,58.55,57.18,58.52,39.0544359169007,2640800,0.0000,1.0
2013-05-31,57.53,58.535,57.48,57.53,38.3937405724418,1931800,0.0000,1.0
2013-05-30,57.32,58.36,57.13,57.82,38.5872775925358,1789800,0.0000,1.0
2013-05-29,57.12,57.59,56.76,57.23,38.1935298619997,1374500,0.0000,1.0
2013-05-28,57.6,58.55,57.25,57.71,38.513866998707,1649800,0.0000,1.0
2013-05-24,56.84,57.42,56.25,57.15,38.1401403392152,1462300,0.0000,1.0
2013-05-23,56.62,57.71,56.411,57.17,38.1534877199113,1574500,0.0000,1.0
2013-05-22,58.13,58.92,56.84,57.16,38.1468140295632,2227400,0.0000,1.0
2013-05-21,58.01,58.59,57.88,58.14,38.800835683674,1253500,0.0000,1.0
2013-05-20,57.74,58.58,57.735,57.99,38.700730328453,2549600,0.0000,1.0
2013-05-17,57.2,58.28,57.03,58.04,38.7340987801933,2754100,0.0000,1.0
2013-05-16,56.64,57.33,56.5,56.85,37.9399296287731,2044200,0.0000,1.0
2013-05-15,57.0,57.25,56.575,56.9,37.9732980805134,2323400,0.0000,1.0
2013-05-14,56.13,57.57,56.12,57.23,38.1935298619997,3004000,0.0000,1.0
2013-05-13,56.09,56.23,55.57,56.03,37.3926870202314,1965500,0.0000,1.0
2013-05-10,55.9,56.46,55.78,56.39,37.6329398727619,2354100,0.0000,1.0
2013-05-09,55.19,56.04,55.18,55.87,37.2859079746623,3073400,0.0000,1.0
2013-05-08,55.26,55.68,55.16,55.52,37.0523288124799,1531900,0.0000,1.0
2013-05-07,54.67,55.49,54.6,55.35,36.9388760765627,2054100,0.0000,1.0
2013-05-06,54.07,54.76,53.61,54.55,36.4049808487172,1898100,0.0000,1.0
2013-05-03,53.05,54.765,52.92,54.11,36.1113384734021,3244000,0.0000,1.0
2013-05-02,52.34,52.75,52.15,52.47,35.0168532563188,3449200,0.0000,1.0
2013-05-01,53.49,53.77,52.025,52.23,34.8566846879651,3726500,0.0000,1.0
2013-04-30,54.14,54.22,53.15,53.8,35.904454072612,2241300,0.0000,1.0
2013-04-29,54.17,54.53,53.85,54.24,36.198096447927,1795100,0.0000,1.0
2013-04-26,54.8,54.9,53.54,53.98,36.0245804988772,2985500,0.0000,1.0
2013-04-25,54.29,55.2,54.12,54.79,36.5651494170709,3525800,0.0000,1.0
2013-04-24,53.59,54.375,53.56,54.18,36.1580543058386,2769900,0.0000,1.0
2013-04-23,53.49,54.53,52.34,53.45,35.6708749104296,5731200,0.0000,1.0
2013-04-22,53.95,54.05,52.72,54.0,36.0379278795734,2635000,0.0000,1.0
2013-04-19,53.85,53.97,53.3599,53.9,35.9711909760927,2673800,0.0000,1.0
2013-04-18,53.9,54.21,53.26,53.54,35.7309381235622,1798400,0.0000,1.0
2013-04-17,54.43,54.56,53.31,53.89,35.9645172857446,2410700,0.0000,1.0
2013-04-16,54.16,55.04,54.16,54.96,36.678602152988,2603400,0.0000,1.0
2013-04-15,55.74,56.03,53.76,53.76,35.8777593112197,2751600,0.0000,1.0
2013-04-12,56.37,56.645,55.905,56.16,37.4794449947563,1935800,0.0000,1.0
2013-04-11,56.15,57.14,56.01,56.68,37.8264768928559,2942200,0.0000,1.0
2013-04-10,55.69,56.3,55.58,56.15,37.4727713044083,3001700,0.0000,1.0
2013-04-09,55.03,55.68,54.94,55.61,37.1123920256125,3825200,0.0000,1.0
2013-04-08,54.08,55.0,54.05,54.9,36.6385600108996,2605000,0.0000,1.0
2013-04-05,53.52,54.25,53.34,54.01,36.0446015699215,3337000,0.0000,1.0
2013-04-04,54.13,54.79,53.96,54.49,36.3649387066288,2922600,0.0000,1.0
2013-04-03,54.19,54.86,53.81,53.92,35.9845383567888,3270400,0.0000,1.0
2013-04-02,54.67,55.08,54.13,54.25,36.2047701382751,2474500,0.0000,1.0
2013-04-01,55.02,55.35,54.31,54.4,36.3048754934962,2982000,0.0000,1.0
2013-03-28,54.47,55.04,54.15,55.01,36.7119706047284,3320900,0.0000,1.0
2013-03-27,54.56,54.95,53.99,54.36,36.2781807321039,2764000,0.0000,1.0
2013-03-26,55.52,55.7,54.95,55.38,36.9588971476069,2335700,0.0000,1.0
2013-03-25,55.86,56.1,54.71,55.08,36.7586864371649,2197700,0.0000,1.0
2013-03-22,55.75,55.795,55.22,55.51,37.0456551221318,2127300,0.0000,1.0
2013-03-21,56.06,56.14,55.3,55.6,37.1057183352645,2157100,0.0000,1.0
2013-03-20,55.38,56.77,55.38,56.47,37.6863293955465,3321800,0.0000,1.0
2013-03-19,55.09,55.41,54.46,55.12,36.7853811985571,1772900,0.0000,1.0
2013-03-18,54.78,55.41,54.68,55.04,36.7319916757726,1140400,0.0000,1.0
2013-03-15,55.57,55.75,55.1801,55.39,36.965570837955,2496100,0.0000,1.0
2013-03-14,55.25,55.85,55.08,55.79,37.2325184518778,2017500,0.0000,1.0
2013-03-13,55.02,55.17,54.67,55.15,36.8054022696013,1672200,0.0000,1.0
2013-03-12,54.63,55.12,54.605,55.03,36.7253179854245,3197900,0.0000,1.0
2013-03-11,54.12,54.88,54.087,54.83,36.5918441784631,1719700,0.0000,1.0
2013-03-08,53.89,54.37,53.65,54.31,36.2448122803635,1753000,0.2100,1.0
2013-03-07,53.44,54.151,53.265,53.72,35.7129735088248,2799300,0.0000,1.0
2013-03-06,53.5,53.75,53.04,53.44,35.5268299387863,1377400,0.0000,1.0
2013-03-05,52.45,53.3,52.31,53.24,35.3938702459016,1882800,0.0000,1.0
2013-03-04,51.72,52.2157,51.61,52.09,34.6293520118147,2051200,0.0000,1.0
2013-03-01,52.21,52.53,51.54,51.93,34.5229842575069,1725500,0.0000,1.0
2013-02-28,52.26,52.92,52.1,52.65,35.0016391518918,1941700,0.0000,1.0
2013-02-27,51.47,52.57,51.26,52.36,34.808847597209,1526100,0.0000,1.0
2013-02-26,51.14,51.74,50.91,51.3,34.1041612249202,2503400,0.0000,1.0
2013-02-25,52.86,53.16,50.902,50.93,33.8581857930835,2969400,0.0000,1.0
2013-02-22,52.62,52.94,52.26,52.61,34.9750472133149,2695300,0.0000,1.0
2013-02-21,52.58,52.75,52.06,52.25,34.7357197661224,3455000,0.0000,1.0
2013-02-20,53.75,53.9,52.8,52.88,35.1545427987092,3030500,0.0000,1.0
2013-02-19,53.05,53.65,52.845,53.64,35.659789631671,3025900,0.0000,1.0
2013-02-15,53.22,53.42,52.87,53.03,35.2542625683727,2654800,0.0000,1.0
2013-02-14,53.23,53.57,53.02,53.03,35.2542625683727,2895200,0.0000,1.0
2013-02-13,53.14,53.5,52.98,53.19,35.3606303226804,1926900,0.0000,1.0
2013-02-12,53.08,53.27,52.77,53.05,35.2675585376611,2131600,0.0000,1.0
2013-02-11,53.21,53.37,52.87,52.95,35.2010786912188,2245900,0.0000,1.0
2013-02-08,52.13,53.45,52.066,53.43,35.520181954142,2849300,0.0000,1.0
2013-02-07,52.76,52.77,51.73,52.01,34.5761681346608,3014100,0.0000,1.0
2013-02-06,52.86,52.95,52.19,52.77,35.0814149676226,2489700,0.0000,1.0
2013-02-05,52.09,53.36,51.78,53.15,35.3340383841035,2991700,0.0000,1.0
2013-02-04,52.19,53.24,51.745,51.8,34.4365604571319,3004600,0.0000,1.0
2013-02-01,51.99,52.7,50.92,52.36,34.808847597209,4010200,0.0000,1.0
2013-01-31,51.49,51.75,51.14,51.39,34.1639930867183,2223800,0.0000,1.0
2013-01-30,51.48,51.7266,51.1,51.62,34.3168967335357,2094900,0.0000,1.0
2013-01-29,51.21,51.52,50.92,51.47,34.2171769638722,1853800,0.0000,1.0
2013-01-28,51.66,51.69,50.86,51.15,34.0044414552567,1309500,0.0000,1.0
2013-01-25,51.17,51.48,50.99,51.47,34.2171769638722,2003000,0.0000,1.0
2013-01-24,50.88,51.52,50.88,51.09,33.9645535473913,2812400,0.0000,1.0
2013-01-23,50.69,51.0,50.62,50.84,33.7983539312854,1827900,0.0000,1.0
2013-01-22,50.53,50.76,50.34,50.69,33.6986341616219,1648700,0.0000,1.0
2013-01-18,51.17,51.24,50.13,50.63,33.6587462537565,2801400,0.0000,1.0
2013-01-17,49.66,51.03,49.47,50.95,33.871481762372,2467400,0.0000,1.0
2013-01-16,49.52,49.6499,49.28,49.47,32.8875800350254,1044400,0.0000,1.0
2013-01-15,49.41,49.9,49.41,49.79,33.1003155436409,1312000,0.0000,1.0
2013-01-14,49.58,49.75,49.11,49.75,33.0737236050639,1249200,0.0000,1.0
2013-01-11,49.66,49.68,49.29,49.6,32.9740038354004,1015100,0.0000,1.0
2013-01-10,49.5,49.7,48.96,49.62,32.9872998046889,2105900,0.0000,1.0
2013-01-09,49.4,49.57,48.91,49.21,32.7147324342753,1729800,0.0000,1.0
2013-01-08,48.78,49.24,48.57,49.23,32.7280284035638,2005500,0.0000,1.0
2013-01-07,48.99,49.12,48.06,48.99,32.5684767721022,2038100,0.0000,1.0
2013-01-04,49.06,49.85,48.9701,49.77,33.0870195743524,2614600,0.0000,1.0
2013-01-03,49.28,49.53,48.76,48.96,32.5485328181695,2629900,0.0000,1.0
2013-01-02,49.49,49.9,48.935,49.47,32.8875800350254,4113500,0.0000,1.0
2012-12-31,46.68,47.99,46.54,47.96,31.8837343537461,2251900,0.0000,1.0
2012-12-28,46.81,47.395,46.76,46.88,31.1657520121688,1817900,0.0000,1.0
2012-12-27,46.87,47.21,46.505,47.08,31.2987117050535,1268200,0.0000,1.0
2012-12-26,47.01,47.33,46.64,46.79,31.1059201503707,1308500,0.0000,1.0
2012-12-24,46.81,47.34,46.59,47.0,31.2455278278996,859600,0.0000,1.0
2012-12-21,48.29,48.62,46.98,47.11,31.3186556589862,6058100,0.0000,1.0
2012-12-20,48.44,48.895,48.41,48.87,32.4887009563714,2318200,0.0000,1.0
2012-12-19,48.5,48.68,48.29,48.48,32.2294295552462,2172300,0.0000,1.0
2012-12-18,47.33,48.32,47.19,48.23,32.0632299391404,2525600,0.0000,1.0
2012-12-17,47.76,47.87,47.15,47.35,31.4782072904478,2464500,0.0000,1.0
2012-12-14,47.45,47.95,47.44,47.6,31.6444069065536,2151000,0.0000,1.0
2012-12-13,47.62,48.21,47.47,47.56,31.6178149679767,2612900,0.0000,1.0
2012-12-12,47.74,48.06,47.53,47.69,31.7042387683517,4547700,0.1600,1.0
2012-12-11,48.04,48.19,47.06,47.64,31.5650979085533,5001100,0.0000,1.0
2012-12-10,49.6,50.03,47.77,47.79,31.6644842369808,8797000,0.0000,1.0
2012-12-07,48.5,49.31,48.11,48.69,32.2608022075454,4844400,0.0000,1.0
2012-12-06,48.42,48.42,47.56,48.2,31.9361402013491,2060600,0.0000,1.0
2012-12-05,47.95,48.74,47.55,48.44,32.095158326833,2328200,0.0000,1.0
2012-12-04,47.94,48.53,47.63,47.85,31.7042387683518,2235300,0.0000,1.0
2012-12-03,48.96,49.0,47.95,47.96,31.7771220758652,3238000,0.0000,1.0
2012-11-30,48.7,48.88,48.3,48.78,32.3204340046019,2853900,0.0000,1.0
2012-11-29,48.35,48.76,48.12,48.67,32.2475506970884,1965300,0.0000,1.0
2012-11-28,47.62,48.23,47.3099,48.21,31.9427659565776,2064200,0.0000,1.0
2012-11-27,47.85,48.19,47.67,47.76,31.6446069712953,1719400,0.0000,1.0
2012-11-26,48.0,48.2,47.76,47.91,31.7439932997227,1578200,0.0000,1.0
2012-11-23,47.75,48.23,47.62,48.23,31.9560174670346,1070800,0.0000,1.0
2012-11-21,47.18,47.77,47.05,47.61,31.5452206428679,1862000,0.0000,1.0
2012-11-20,46.28,47.25,46.18,47.25,31.306693454642,2640000,0.0000,1.0
2012-11-19,45.78,46.57,45.68,46.44,30.7700072811339,2893800,0.0000,1.0
2012-11-16,46.11,46.11,44.65,45.29,30.0080454298569,3551500,0.0000,1.0
2012-11-15,45.32,45.93,45.04,45.32,30.0279226955423,3357900,0.0000,1.0
2012-11-14,46.28,46.4,45.12,45.29,30.0080454298569,3840200,0.0000,1.0
2012-11-13,45.44,46.48,44.93,46.09,30.5381058481365,3097300,0.0000,1.0
2012-11-12,45.99,46.1399,45.48,45.93,30.4320937644806,1995100,0.0000,1.0
2012-11-09,46.36,46.71,45.81,45.86,30.3857134778811,3209000,0.0000,1.0
2012-11-08,46.79,47.39,46.52,46.55,30.8428905886473,2651600,0.0000,1.0
2012-11-07,47.46,47.53,46.63,46.84,31.0350374902737,3577800,0.0000,1.0
2012-11-06,47.65,48.38,47.5,47.94,31.7638705654082,2998200,0.0000,1.0
2012-11-05,46.85,47.64,46.73,47.58,31.5253433771824,1793900,0.0000,1.0
2012-11-02,47.55,47.64,47.02,47.02,31.1543010843866,3185300,0.0000,1.0
2012-11-01,47.01,47.92,46.82,47.19,31.266938923271,4354300,0.0000,1.0
2012-10-31,46.3,47.28,45.5,47.03,31.1609268396151,2879600,0.0000,1.0
2012-10-26,46.4,46.69,46.06,46.38,30.7302527497629,1953900,0.0000,1.0
2012-10-25,46.5,46.84,46.0,46.39,30.7368785049914,2131900,0.0000,1.0
2012-10-24,45.85,46.71,45.47,46.12,30.557983113822,3391400,0.0000,1.0
2012-10-23,45.87,45.87,45.35,45.61,30.2200695971687,3051300,0.0000,1.0
2012-10-22,46.11,47.28,46.03,46.55,30.8428905886473,3148900,0.0000,1.0
2012-10-19,46.19,47.64,45.82,46.35,30.7103754840774,5596300,0.0000,1.0
2012-10-18,45.7,46.39,45.5,45.66,30.2531983733112,3120600,0.0000,1.0
2012-10-17,45.23,45.92,45.23,45.7,30.2797013942252,2279100,0.0000,1.0
2012-10-16,44.82,45.56,44.72,45.56,30.1869408210262,2678500,0.0000,1.0
2012-10-15,44.36,44.68,44.18,44.49,29.4779850115772,2407800,0.0000,1.0
2012-10-12,44.44,44.79,44.12,44.31,29.3587214174643,2048700,0.0000,1.0
2012-10-11,44.96,45.16,44.3775,44.38,29.4051017040638,2124600,0.0000,1.0
2012-10-10,44.2,44.74,43.85,44.64,29.5773713400046,3276300,0.0000,1.0
2012-10-09,45.1,45.42,44.28,44.3,29.3520956622358,3566500,0.0000,1.0
2012-10-08,44.82,45.25,44.52,45.23,29.9682908984859,4034800,0.0000,1.0
2012-10-05,46.08,46.32,45.06,45.09,29.8755303252869,4911800,0.0000,1.0
2012-10-04,45.12,46.07,45.12,45.64,30.2399468628542,3539400,0.0000,1.0
2012-10-03,44.85,45.105,44.395,44.89,29.743015220717,4016100,0.0000,1.0
2012-10-02,44.77,45.14,44.27,44.73,29.6370031370611,3427900,0.0000,1.0
2012-10-01,44.9,46.145,44.44,44.49,29.4779850115772,4572900,0.0000,1.0
2012-09-28,44.83,45.3,44.405,44.82,29.6966349341176,4206000,0.0000,1.0
2012-09-27,44.88,45.4,44.27,45.15,29.9152848566579,2484700,0.0000,1.0
2012-09-26,45.0,45.05,43.86,44.68,29.6038743609186,3803400,0.0000,1.0
2012-09-25,46.28,46.28,45.1,45.11,29.8887818357439,3604200,0.0000,1.0
2012-09-24,46.75,46.75,46.13,46.35,30.7103754840774,3151100,0.0000,1.0
2012-09-21,46.75,47.31,46.29,46.91,31.0814177768732,6528900,0.0000,1.0
2012-09-20,45.41,46.46,45.37,46.4,30.7435042602199,4457300,0.0000,1.0
2012-09-19,45.7,46.06,45.37,45.88,30.3989649883381,4022100,0.0000,1.0
2012-09-18,45.68,46.01,45.27,45.5,30.1471862896553,4897900,0.0000,1.0
2012-09-17,46.07,46.07,45.5399,45.73,30.2995786599107,3218800,0.0000,1.0
2012-09-14,45.98,46.79,45.775,46.18,30.597737645193,5691000,0.0000,1.0
2012-09-13,45.86,46.285,44.81,45.9,30.4122164987951,4024500,0.0000,1.0
2012-09-12,46.16,46.53,45.8201,45.95,30.4453452749376,2224000,0.0000,1.0
2012-09-11,45.88,46.45,45.62,45.98,30.4652225406231,2908000,0.1600,1.0
2012-09-10,46.15,46.55,45.88,45.89,30.3001530643518,3052100,0.0000,1.0
2012-09-07,46.5,47.25,46.03,46.13,30.4586197615722,4524100,0.0000,1.0
2012-09-06,45.16,46.4,45.07,46.26,30.5444558892333,4393000,0.0000,1.0
2012-09-05,45.79,45.84,44.9,45.55,30.0756585766229,3863600,0.0000,1.0
2012-09-04,46.05,46.49,45.06,45.85,30.2737419481484,4212900,0.0000,1.0
2012-08-31,46.53,46.9,45.93,46.76,30.8745948417758,2280700,0.0000,1.0
2012-08-30,46.01,46.31,45.82,46.08,30.425605866318,2383000,0.0000,1.0
2012-08-29,46.46,46.86,46.15,46.32,30.5840725635384,2393600,0.0000,1.0
2012-08-28,46.3,46.81,46.15,46.26,30.5444558892333,3037200,0.0000,1.0
2012-08-27,46.97,46.99,45.85,46.28,30.557661447335,2756600,0.0000,1.0
2012-08-24,46.17,47.255,46.12,46.92,30.9802393065894,2882300,0.0000,1.0
2012-08-23,45.9,46.71,45.87,46.4,30.6368947959452,2424200,0.0000,1.0
2012-08-22,46.49,46.885,46.01,46.11,30.4454142034705,3966500,0.0000,1.0
2012-08-21,46.73,47.71,46.47,46.74,30.8613892836741,3852700,0.0000,1.0
2012-08-20,46.32,46.68,46.03,46.67,30.8151698303181,2511500,0.0000,1.0
2012-08-17,46.33,46.63,46.24,46.4,30.6368947959452,2951200,0.0000,1.0
2012-08-16,45.47,46.45,45.28,46.3,30.5708670054367,3839000,0.0000,1.0
2012-08-15,44.82,45.68,44.45,45.31,29.9171918794025,3377800,0.0000,1.0
2012-08-14,45.3,45.35,44.61,44.71,29.5210251363515,2789700,0.0000,1.0
2012-08-13,45.0,45.149,44.35,45.03,29.7323140659787,2525100,0.0000,1.0
2012-08-10,44.43,45.21,44.24,45.08,29.7653279612329,3281800,0.0000,1.0
2012-08-09,44.17,45.0,44.02,44.73,29.5342306944532,4019500,0.0000,1.0
2012-08-08,43.46,44.28,43.315,44.21,29.190886183809,2621100,0.0000,1.0
2012-08-07,42.93,43.95,42.93,43.67,28.8343361150631,3730900,0.0000,1.0
2012-08-06,42.7,43.06,42.53,42.73,28.2136748842831,2127800,0.0000,1.0
2012-08-03,42.62,43.39,42.41,42.6,28.1278387566221,3724300,0.0000,1.0
2012-08-02,41.51,42.17,41.13,41.96,27.7052608973677,2541300,0.0000,1.0
2012-08-01,42.62,43.0,41.79,41.88,27.6524386649609,3290700,0.0000,1.0
2012-07-31,42.2,43.03,42.14,42.41,28.0023859546559,4034400,0.0000,1.0
2012-07-30,42.22,42.37,41.74,42.25,27.8967414898423,2896500,0.0000,1.0
2012-07-27,40.4,42.68,40.32,42.42,28.0089887337068,4845800,0.0000,1.0
2012-07-26,40.01,40.49,39.55,40.0,26.411116203401,6302900,0.0000,1.0
2012-07-25,40.21,40.53,39.34,39.54,26.1073883670619,3467000,0.0000,1.0
2012-07-24,40.32,40.38,39.21,39.91,26.3516911919434,5599400,0.0000,1.0
2012-07-23,39.59,40.75,39.49,40.35,26.6422134701808,3978900,0.0000,1.0
2012-07-20,40.72,40.8,39.41,40.25,26.5761856796723,6580600,0.0000,1.0
2012-07-19,41.78,43.17,41.2,41.47,27.381724723876,4250100,0.0000,1.0
2012-07-18,40.43,41.9525,40.34,41.39,27.3289024914692,3635000,0.0000,1.0
2012-07-17,39.85,40.99,39.57,40.66,26.8468996207571,3871300,0.0000,1.0
2012-07-16,40.72,40.85,39.55,39.63,26.1668133785196,3435700,0.0000,1.0
2012-07-13,39.8,40.99,39.74,40.96,27.0449829922826,2348800,0.0000,1.0
2012-07-12,39.93,39.94,39.33,39.64,26.1734161575704,5021000,0.0000,1.0
2012-07-11,40.92,41.1,39.93,40.22,26.5563773425197,3845300,0.0000,1.0
2012-07-10,42.37,42.82,40.27,40.6,26.807282946452,4575900,0.0000,1.0
2012-07-09,42.47,42.74,41.985,42.52,28.0750165242153,3812200,0.0000,1.0
2012-07-06,42.4,42.63,41.94,42.55,28.0948248613678,2239700,0.0000,1.0
2012-07-05,42.88,43.15,42.71,42.91,28.3325249071984,2564900,0.0000,1.0
2012-07-03,42.28,43.1,42.25,43.01,28.3985526977069,1647300,0.0000,1.0
2012-07-02,42.38,42.58,41.64,42.41,28.0023859546559,2760100,0.0000,1.0
2012-06-29,42.03,42.51,41.96,42.18,27.8505220364864,4402000,0.0000,1.0
2012-06-28,39.87,41.175,39.69,41.13,27.1572302361471,4042400,0.0000,1.0
2012-06-27,39.65,40.23,39.54,40.16,26.5167606682146,3048100,0.0000,1.0
2012-06-26,39.08,39.64,38.71,39.4,26.01494946035,3316200,0.0000,1.0
2012-06-25,39.56,39.75,38.93,39.03,25.7706466354685,3735900,0.0000,1.0
2012-06-22,39.23,40.33,38.98,40.19,26.5365690053672,4958100,0.0000,1.0
2012-06-21,40.17,40.25,39.02,39.04,25.7772494145194,4373800,0.0000,1.0
2012-06-20,40.27,40.34,39.64,39.83,26.2988689595366,5188500,0.0000,1.0
2012-06-19,40.42,41.0,40.22,40.46,26.7148440397401,3290100,0.0000,1.0
2012-06-18,39.06,40.47,38.67,40.32,26.6224051330282,4290600,0.0000,1.0
2012-06-15,39.32,39.41,38.6,39.09,25.8102633097736,4736600,0.0000,1.0
2012-06-14,39.68,39.82,38.86,39.21,25.8894966583838,6555700,0.1600,1.0
2012-06-13,40.19,40.57,39.47,39.66,26.0801990721743,3082100,0.0000,1.0
2012-06-12,39.69,40.63,39.26,40.51,26.6391544229395,3348800,0.0000,1.0
2012-06-11,41.24,41.27,39.35,39.41,25.9158004395963,2800800,0.0000,1.0
2012-06-08,40.42,40.9499,39.81,40.79,26.8232808914269,2707300,0.0000,1.0
2012-06-07,40.97,41.58,40.45,40.64,26.7246417118801,4467100,0.0000,1.0
2012-06-06,40.07,40.63,39.854,40.47,26.6128506417271,3920600,0.0000,1.0
2012-06-05,38.9,39.72,38.72,39.58,26.0275915097494,2616400,0.0000,1.0
2012-06-04,39.91,39.97,38.235,39.11,25.7185220805027,5184000,0.0000,1.0
2012-06-01,40.48,40.855,39.795,39.9,26.2380217594492,5230200,0.0000,1.0
2012-05-31,41.65,41.7,40.74,41.31,27.1652300471891,6262800,0.0000,1.0
2012-05-30,42.45,42.48,41.59,41.75,27.4545716405264,4149700,0.0000,1.0
2012-05-29,42.7,43.18,42.49,42.93,28.2305331862946,3289700,0.0000,1.0
2012-05-25,42.76,42.76,42.07,42.16,27.7241853979543,2708900,0.0000,1.0
2012-05-24,42.83,42.95,41.98,42.65,28.0464067178072,2726900,0.0000,1.0
2012-05-23,41.37,42.69,40.87,42.62,28.0266788818979,5195600,0.0000,1.0
2012-05-22,41.67,42.51,41.48,41.79,27.4808754217389,4117500,0.0000,1.0
2012-05-21,40.46,41.65,40.41,41.51,27.2967489532515,5479300,0.0000,1.0
2012-05-18,40.75,41.1,39.9601,40.15,26.4024203920272,3579500,0.0000,1.0
2012-05-17,42.15,42.25,40.63,40.67,26.7443695477895,4941800,0.0000,1.0
2012-05-16,43.01,43.24,42.1,42.14,27.7110335073481,3406100,0.0000,1.0
2012-05-15,43.16,43.53,42.64,42.79,28.1384699520509,4153600,0.0000,1.0
2012-05-14,42.85,43.65,42.63,43.29,28.4672672172069,4436900,0.0000,1.0
2012-05-11,43.41,44.17,43.13,43.22,28.4212356000851,6936300,0.0000,1.0
2012-05-10,44.87,45.32,43.483,43.62,28.6842734122099,7076600,0.0000,1.0
2012-05-09,43.52,45.62,42.66,44.54,29.2892603800969,17124400,0.0000,1.0
2012-05-08,42.28,42.41,41.3,42.27,27.7965207962887,5126000,0.0000,1.0
2012-05-07,41.89,42.83,41.88,42.67,28.0595586084135,5172300,0.0000,1.0
2012-05-04,41.79,42.07,41.52,41.97,27.5992424371951,6536900,0.0000,1.0
2012-05-03,42.51,42.57,41.84,42.02,27.6321221637107,5412800,0.0000,1.0
2012-05-02,42.87,42.92,42.33,42.45,27.9148878117448,6310300,0.0000,1.0
2012-05-01,42.55,43.81,42.34,43.2,28.4080837094788,6427500,0.0000,1.0
2012-04-30,42.49,42.97,42.38,42.52,27.9609194288667,5687500,0.0000,1.0
2012-04-27,41.83,42.84,41.68,42.61,28.0201029365948,3748200,0.0000,1.0
2012-04-26,41.9,41.97,41.41,41.53,27.3099008438578,3936700,0.0000,1.0
2012-04-25,41.89,42.25,41.66,41.97,27.5992424371951,3902300,0.0000,1.0
2012-04-24,40.46,41.89,40.42,41.46,27.2638692267359,5224700,0.0000,1.0
2012-04-23,39.98,40.7,39.75,40.24,26.4616038997553,5852500,0.0000,1.0
2012-04-20,39.93,41.65,39.69,40.61,26.7049138759707,8541200,0.0000,1.0
2012-04-19,40.5,41.01,39.87,40.13,26.389268501421,5559500,0.0000,1.0
2012-04-18,39.86,40.77,39.595,40.49,26.6260025323333,5461900,0.0000,1.0
2012-04-17,39.94,40.32,39.57,40.06,26.3432368842991,4935500,0.0000,1.0
2012-04-16,39.93,40.18,39.3,39.53,25.9947117832338,3774700,0.0000,1.0
2012-04-13,40.09,40.19,39.49,39.68,26.0933509627806,3449800,0.0000,1.0
2012-04-12,39.03,40.38,38.97,40.23,26.4550279544522,3148600,0.0000,1.0
2012-04-11,39.21,39.41,38.76,39.01,25.6527626274715,3176300,0.0000,1.0
2012-04-10,39.86,40.08,38.56,38.64,25.4094526512561,4690800,0.0000,1.0
2012-04-09,40.13,40.23,39.69,39.96,26.2774774312679,3947000,0.0000,1.0
2012-04-05,41.02,41.39,40.8,40.94,26.9219200709737,4591900,0.0000,1.0
2012-04-04,40.88,41.28,40.7,41.21,27.0994705941579,3513800,0.0000,1.0
2012-04-03,41.49,41.73,40.98,41.34,27.1849578830985,2925000,0.0000,1.0
2012-04-02,41.28,42.08,41.1,41.67,27.4019640781015,4193600,0.0000,1.0
2012-03-30,41.57,41.85,40.87,41.35,27.1915338284016,5281800,0.0000,1.0
2012-03-29,40.52,41.26,40.39,41.17,27.0731668129455,4293800,0.0000,1.0
2012-03-28,41.35,41.69,40.42,40.8,26.82985683673,4701600,0.0000,1.0
2012-03-27,41.72,41.98,41.44,41.49,27.2835970626453,3584200,0.0000,1.0
2012-03-26,40.93,41.79,40.93,41.63,27.375660296889,4531600,0.0000,1.0
2012-03-23,40.5,40.61,39.62,40.43,26.5865468605146,4943700,0.0000,1.0
2012-03-22,40.09,40.595,39.83,40.46,26.6062746964239,4873700,0.0000,1.0
2012-03-21,40.65,40.81,40.27,40.68,26.7509454930926,4290300,0.0000,1.0
2012-03-20,40.54,40.72,40.04,40.54,26.6588822588489,3924200,0.0000,1.0
2012-03-19,40.93,41.0,40.62,40.88,26.882464399155,3840600,0.0000,1.0
2012-03-16,40.98,41.4,40.96,41.08,27.0139833052174,6706000,0.0000,1.0
2012-03-15,40.37,40.98,40.06,40.84,26.8561606179425,4543200,0.0000,1.0
2012-03-14,40.69,40.8899,39.54,40.35,26.5339392980896,5839000,0.0000,1.0
2012-03-13,40.62,40.74,40.09,40.6,26.6983379306676,5209500,0.0000,1.0
2012-03-12,39.36,40.17,39.26,40.01,26.3103571577835,5826800,0.0000,1.0
2012-03-09,39.16,39.64,38.76,39.24,25.8040093694433,4873600,0.0000,1.0
2012-03-08,38.63,39.5,38.6,39.25,25.8105853147464,3256200,0.1600,1.0
2012-03-07,37.88,38.53,37.62,38.36,25.1229143028082,5942700,0.0000,1.0
2012-03-06,38.12,38.12,37.34,37.66,24.6644669615161,6036100,0.0000,1.0
2012-03-05,39.53,39.53,38.17,38.72,25.358687221187,4672200,0.0000,1.0
2012-03-02,39.97,40.5,39.545,39.7,26.000513498996,3619700,0.0000,1.0
2012-03-01,40.02,40.48,39.95,40.13,26.282131151504,3071400,0.0000,1.0
2012-02-29,40.2,40.48,39.56,39.88,26.1183999581854,5958700,0.0000,1.0
2012-02-28,40.39,40.39,39.67,40.09,26.255934160573,6216100,0.0000,1.0
2012-02-27,39.99,40.54,39.37,40.33,26.4131161061589,4356900,0.0000,1.0
2012-02-24,40.95,41.01,40.39,40.48,26.5113548221501,4151000,0.0000,1.0
2012-02-23,40.68,40.8,40.03,40.68,26.642339776805,4879900,0.0000,1.0
2012-02-22,40.91,41.19,40.69,40.83,26.7405784927961,3910400,0.0000,1.0
2012-02-21,40.95,41.2,40.36,40.99,26.84536645652,8063600,0.0000,1.0
2012-02-17,41.38,41.45,40.68,40.92,26.7995217223908,5875700,0.0000,1.0
2012-02-16,39.12,41.0,39.12,40.88,26.7733247314599,7725500,0.0000,1.0
2012-02-15,39.09,39.82,38.29,39.25,25.7057973510225,4781600,0.0000,1.0
2012-02-14,38.64,38.99,38.24,38.9,25.4765736803764,3311500,0.0000,1.0
2012-02-13,38.15,39.23,38.08,38.93,25.4962214235747,6366000,0.0000,1.0
2012-02-10,37.49,38.01,37.25,37.98,24.8740428889639,5034000,0.0000,1.0
2012-02-09,38.46,38.59,37.474,37.93,24.8412966503002,3854000,0.0000,1.0
2012-02-08,39.15,39.6,37.85,37.99,24.8805921366967,10285900,0.0000,1.0
2012-02-07,37.16,37.89,37.09,37.56,24.5989744841887,7644400,0.0000,1.0
2012-02-06,37.34,37.49,37.01,37.35,24.461440281801,3720400,0.0000,1.0
2012-02-03,36.72,37.66,36.62,37.52,24.5727774932577,4859000,0.0000,1.0
2012-02-02,35.37,36.6399,35.36,36.26,23.7475722789319,8040200,0.0000,1.0
2012-02-01,35.41,35.67,34.96,35.18,23.0402535237954,8633500,0.0000,1.0
2012-01-31,36.06,36.27,34.88,34.94,22.8830715782096,5399800,0.0000,1.0
2012-01-30,34.78,36.07,34.57,35.89,23.5052501128203,3767300,0.0000,1.0
2012-01-27,34.9,35.29,34.6,35.16,23.02715502833,2854000,0.0000,1.0
2012-01-26,35.97,36.1,34.885,35.0,22.922367064606,4463700,0.0000,1.0
2012-01-25,34.9,35.89,34.65,35.7,23.3808144058982,4873600,0.0000,1.0
2012-01-24,34.38,35.96,34.34,35.13,23.0075072851317,7703800,0.0000,1.0
2012-01-23,34.06,34.88,34.01,34.66,22.6996926416927,4212700,0.0000,1.0
2012-01-20,34.09,34.17,33.37,34.01,22.2739915390643,3768300,0.0000,1.0
2012-01-19,34.46,34.49,33.375,34.3,22.4639197233139,5607000,0.0000,1.0
2012-01-18,33.89,34.865,33.65,34.64,22.6865941462272,5244500,0.0000,1.0
2012-01-17,34.34,34.53,33.73,33.81,22.1430065844094,3840800,0.0000,1.0
2012-01-13,34.68,34.875,33.84,33.94,22.2281468049351,5529000,0.0000,1.0
2012-01-12,33.53,35.2799,33.16,35.05,22.9551133032698,6604100,0.0000,1.0
2012-01-11,32.87,33.56,32.75,33.32,21.822093445505,4397600,0.0000,1.0
2012-01-10,33.15,33.8,32.9,33.13,21.6976577385828,5534400,0.0000,1.0
2012-01-09,32.14,32.6,31.73,32.45,21.2523088927562,2476000,0.0000,1.0
2012-01-06,32.39,32.57,31.98,32.02,20.9706912402482,3026900,0.0000,1.0
2012-01-05,31.76,32.39,31.39,32.22,21.101676194903,3411000,0.0000,1.0
2012-01-04,31.96,32.32,31.625,31.86,20.8659032765242,2936500,0.0000,1.0
2012-01-03,31.24,32.26,31.24,32.1,21.0230852221101,4034300,0.0000,1.0
2011-12-30,30.57,30.67,30.22,30.47,19.9555578416727,1775900,0.0000,1.0
2011-12-29,30.33,30.82,30.29,30.64,20.0668950531294,1795400,0.0000,1.0
2011-12-28,31.13,31.18,30.03,30.28,19.8311221347506,2399200,0.0000,1.0
2011-12-27,31.11,31.385,31.02,31.2,20.4336529261631,2149600,0.0000,1.0
2011-12-23,31.31,31.35,31.05,31.24,20.4598499170941,2082000,0.0000,1.0
2011-12-22,31.15,31.42,30.83,31.14,20.3943574397666,4014500,0.0000,1.0
2011-12-21,31.4,31.55,30.62,30.92,20.2502739896463,5548800,0.0000,1.0
2011-12-20,30.43,31.54,30.38,31.44,20.590834871749,4959900,0.0000,1.0
2011-12-19,30.83,30.92,29.68,29.82,19.5298567390443,3382500,0.0000,1.0
2011-12-16,31.22,31.75,30.56,30.65,20.0734443008621,8236600,0.0000,1.0
2011-12-15,30.86,31.03,30.49,30.97,20.28302022831,4815900,0.0000,1.0
2011-12-14,30.61,30.77,29.985,30.37,19.8900653643453,5435000,0.0000,1.0
2011-12-13,32.24,32.44,30.705,30.92,20.2502739896463,4484200,0.0000,1.0
2011-12-12,32.61,32.71,31.78,32.11,21.0296344698429,3302200,0.1200,1.0
2011-12-09,32.38,33.38,32.2705,33.18,21.6494964849329,3852600,0.0000,1.0
2011-12-08,33.19,33.58,32.17,32.29,21.0687836497433,3698600,0.0000,1.0
2011-12-07,33.46,33.79,32.58,33.58,21.9104910176023,5958300,0.0000,1.0
2011-12-06,33.57,34.01,33.45,33.67,21.969214787453,4345800,0.0000,1.0
2011-12-05,33.91,34.78,33.89,34.18,22.3019828166065,3306700,0.0000,1.0
2011-12-02,33.88,34.23,33.17,33.23,21.6821208015165,4108600,0.0000,1.0
2011-12-01,32.81,33.7,32.65,33.43,21.8126180678513,5795100,0.0000,1.0
2011-11-30,32.26,33.18,32.26,33.12,21.6103473050324,6231000,0.0000,1.0
2011-11-29,31.08,31.78,30.855,30.92,20.1748773753503,4608400,0.0000,1.0
2011-11-28,30.29,31.04,30.07,30.82,20.109628742183,6087300,0.0000,1.0
2011-11-25,29.17,29.91,29.06,29.17,19.0330262949214,1684000,0.0000,1.0
2011-11-23,30.39,30.47,29.26,29.33,19.1374241079892,3957000,0.0000,1.0
2011-11-22,30.91,31.115,30.37,30.77,20.0770044255993,4033600,0.0000,1.0
2011-11-21,30.67,31.57,30.42,31.06,20.2662254617846,8616000,0.0000,1.0
2011-11-18,30.47,31.6,30.15,31.2,20.357573548219,5708400,0.0000,1.0
2011-11-17,31.26,31.34,29.94,30.14,19.6659380366449,5514100,0.0000,1.0
2011-11-16,31.3,32.33,30.9821,31.5,20.5533194477211,5105200,0.0000,1.0
2011-11-15,30.95,32.02,30.83,31.78,20.7360156205897,4259300,0.0000,1.0
2011-11-14,31.15,31.55,30.87,31.19,20.3510486849022,3865200,0.0000,1.0
2011-11-11,30.54,31.5,30.44,31.41,20.4945956778704,6055400,0.0000,1.0
2011-11-10,30.6,30.76,29.75,29.98,19.5615402235771,6888000,0.0000,1.0
2011-11-09,31.21,31.46,29.94,30.1,19.6398385833779,11144100,0.0000,1.0
2011-11-08,32.42,32.66,31.59,32.26,21.0492090597931,5856900,0.0000,1.0
2011-11-07,32.54,32.8,31.38,32.26,21.0492090597931,4994100,0.0000,1.0
2011-11-04,32.7,32.71,32.01,32.46,21.1797063261278,5045500,0.0000,1.0
2011-11-03,32.74,33.03,31.73,32.95,21.4994246286479,6367200,0.0000,1.0
2011-11-02,31.19,32.66,30.97,32.35,21.1079328296437,8542100,0.0000,1.0
2011-11-01,29.94,31.365,29.47,30.71,20.0378552456989,7923100,0.0000,1.0
2011-10-31,31.64,31.835,31.01,31.13,20.3118995050018,7180000,0.0000,1.0
2011-10-28,31.31,32.4,31.091,32.34,21.101407966327,5558800,0.0000,1.0
2011-10-27,31.34,32.07,30.87,31.53,20.5728940376713,7953500,0.0000,1.0
2011-10-26,30.1,30.585,29.43,30.36,19.8094850296131,8565600,0.0000,1.0
2011-10-25,29.22,30.05,28.59,29.62,19.3266451441745,9212900,0.0000,1.0
2011-10-24,28.07,29.83,28.07,29.5,19.2483467843737,8759100,0.0000,1.0
2011-10-21,27.57,27.94,27.0994,27.94,18.2304681069627,9323100,0.0000,1.0
2011-10-20,29.84,29.88,26.62,27.38,17.8650757612255,15891500,0.0000,1.0
2011-10-19,30.32,30.77,29.585,29.73,19.3984186406586,7332200,0.0000,1.0
2011-10-18,29.11,30.52,28.74,30.3,19.7703358497126,7149500,0.0000,1.0
2011-10-17,30.32,30.5,28.93,29.02,18.9351533451703,4354400,0.0000,1.0
2011-10-14,29.78,30.6,29.71,30.53,19.9204077059976,4314200,0.0000,1.0
2011-10-13,29.49,29.55,28.81,29.28,19.1047997914055,5061900,0.0000,1.0
2011-10-12,29.0,30.31,28.95,29.94,19.5354407703101,7786300,0.0000,1.0
2011-10-11,28.28,28.95,28.12,28.8,18.7916063522021,8594200,0.0000,1.0
2011-10-10,27.89,28.54,27.89,28.4,18.5306118195326,7995600,0.0000,1.0
2011-10-07,28.46,28.48,27.5,27.74,18.099970840628,10718300,0.0000,1.0
2011-10-06,27.77,28.12,27.39,28.08,18.3218161933971,8354200,0.0000,1.0
2011-10-05,27.73,28.04,27.22,27.84,18.1652194737954,9063200,0.0000,1.0
2011-10-04,25.98,27.65,25.86,27.58,17.9955730275602,12394800,0.0000,1.0
2011-10-03,28.0,28.31,26.43,26.48,17.2778380627192,8647000,0.0000,1.0
2011-09-30,26.32,28.16,26.13,28.09,18.3283410567138,25820100,0.0000,1.0
2011-09-29,32.28,32.75,31.04,31.96,20.853463160291,4709000,0.0000,1.0
2011-09-28,32.6,33.3,31.46,31.5,20.5533194477211,5163800,0.0000,1.0
2011-09-27,33.38,34.17,32.49,32.71,21.3428279090462,6024200,0.0000,1.0
2011-09-26,31.39,32.68,30.55,32.61,21.2775792758789,5254200,0.0000,1.0
2011-09-23,30.17,31.41,29.96,31.0,20.2270762818842,5307800,0.0000,1.0
2011-09-22,30.53,30.79,29.74,30.23,19.7246618064955,8835800,0.0000,1.0
2011-09-21,32.97,33.76,31.77,31.79,20.7425404839064,5689000,0.0000,1.0
2011-09-20,33.82,34.1,33.15,33.2,21.6625462115663,5633400,0.0000,1.0
2011-09-19,34.91,34.91,33.13,33.64,21.9496401975028,8274000,0.0000,1.0
2011-09-16,35.86,36.94,35.08,35.7,23.2937620407505,14354100,0.0000,1.0
2011-09-15,34.12,34.92,33.375,34.89,22.7652481120949,7170500,0.0000,1.0
2011-09-14,33.5,34.22,32.33,33.65,21.9561650608195,7311000,0.0000,1.0
2011-09-13,32.72,33.79,32.59,33.22,21.6755959381998,5339200,0.0000,1.0
2011-09-12,31.92,32.76,31.325,32.68,21.323253319096,5700300,0.0000,1.0
2011-09-09,32.74,33.04,31.78,32.27,21.0557339231098,7875800,0.1200,1.0
2011-09-08,34.14,34.71,33.22,33.35,21.6798001338596,7092700,0.0000,1.0
2011-09-07,33.39,34.58,33.29,34.46,22.401376690039,7205800,0.0000,1.0
2011-09-06,31.68,32.92,31.43,32.85,21.3547656490941,7308800,0.0000,1.0
2011-09-02,31.6,32.62,31.43,32.38,21.0492332334145,6831200,0.0000,1.0
2011-09-01,33.45,33.6,32.37,32.53,21.1467435788441,5468200,0.0000,1.0
2011-08-31,33.16,34.04,33.121,33.51,21.7838111689845,6364400,0.0000,1.0
2011-08-30,32.42,33.21,32.06,32.92,21.4002704769612,5370000,0.0000,1.0
2011-08-29,32.08,32.7,31.95,32.56,21.1662456479301,5925700,0.0000,1.0
2011-08-26,29.45,31.75,29.34,31.56,20.5161766783991,10399400,0.0000,1.0
2011-08-25,30.27,30.48,29.12,29.7,19.3070483950714,9179500,0.0000,1.0
2011-08-24,29.08,30.16,28.86,30.1,19.5670759828838,7661600,0.0000,1.0
2011-08-23,27.47,29.11,27.11,29.11,18.923507703048,7900900,0.0000,1.0
2011-08-22,28.32,28.33,27.17,27.37,17.7923876960641,6742700,0.0000,1.0
2011-08-19,27.5,28.54,27.37,27.56,17.915900800275,7583700,0.0000,1.0
2011-08-18,29.02,29.02,27.55,27.8,18.0719173529624,8750700,0.0000,1.0
2011-08-17,31.11,31.18,29.84,30.02,19.5150704653213,6057500,0.0000,1.0
2011-08-16,31.13,31.89,30.73,30.9,20.0871311585086,7390600,0.0000,1.0
2011-08-15,30.68,31.5097,30.58,31.4,20.4121656432741,7373400,0.0000,1.0
2011-08-12,29.63,30.76,29.31,30.39,19.7555959840478,10026300,0.0000,1.0
2011-08-11,28.48,29.58,28.05,29.1,18.9170070133527,17889500,0.0000,1.0
2011-08-10,29.31,29.41,28.09,28.21,18.3384456304701,17207700,0.0000,1.0
2011-08-09,29.74,30.23,28.04,30.08,19.5540746034931,22494900,0.0000,1.0
2011-08-08,31.0,31.65,29.36,29.51,19.1835352908605,15402600,0.0000,1.0
2011-08-05,33.39,33.53,31.21,31.86,20.7111973692584,16374200,0.0000,1.0
2011-08-04,34.23,34.37,32.62,32.78,21.3092608212269,12660900,0.0000,1.0
2011-08-03,35.35,35.4,34.02,34.83,22.6419022087655,10511700,0.0000,1.0
2011-08-02,36.84,37.16,35.22,35.22,22.8954291068826,7245600,0.0000,1.0
2011-08-01,37.87,37.91,36.73,37.27,24.2280704944212,5220000,0.0000,1.0
2011-07-29,36.89,37.66,36.77,37.42,24.3255808398508,9008700,0.0000,1.0
2011-07-28,37.84,38.06,37.32,37.38,24.2995780810696,8697600,0.0000,1.0
2011-07-27,39.08,39.13,37.59,37.62,24.455594633757,10286300,0.0000,1.0
2011-07-26,39.73,39.965,39.12,39.6,25.7427311934285,7484000,0.0000,1.0
2011-07-25,40.01,40.09,39.6801,39.76,25.8467422285534,9909800,0.0000,1.0
2011-07-22,40.54,41.41,40.17,40.38,26.2497849896627,8596400,0.0000,1.0
2011-07-21,41.8,42.25,40.56,41.03,26.6723298198578,20228600,0.0000,1.0
2011-07-20,44.8,45.33,44.61,44.77,29.1035877659039,3867100,0.0000,1.0
2011-07-19,43.75,44.65,43.73,44.5,28.9280691441305,3712100,0.0000,1.0
2011-07-18,44.45,44.63,43.35,43.54,28.3040029333807,5255500,0.0000,1.0
2011-07-15,45.49,45.76,44.62,44.75,29.0905863865132,4205800,0.0000,1.0
2011-07-14,45.96,46.57,45.1,45.23,29.4026194918881,5202100,0.0000,1.0
2011-07-13,45.6,46.51,45.48,45.91,29.8446663911692,6176300,0.0000,1.0
2011-07-12,44.84,45.53,44.58,45.21,29.3896181124975,4742300,0.0000,1.0
2011-07-11,45.23,45.68,44.74,45.04,29.2791063876772,3260500,0.0000,1.0
2011-07-08,46.04,46.43,45.62,46.02,29.9161739778176,4162100,0.0000,1.0
2011-07-07,46.62,46.88,46.29,46.77,30.4037257049659,3356400,0.0000,1.0
2011-07-06,45.74,46.225,45.58,46.03,29.9226746675129,3636400,0.0000,1.0
2011-07-05,46.92,47.0,45.69,45.84,29.7991615633021,4814300,0.0000,1.0
2011-07-01,45.47,47.22,45.29,47.06,30.5922457061299,4602200,0.0000,1.0
2011-06-30,44.1,45.6699,44.02,45.41,29.5196319064037,7630600,0.0000,1.0
2011-06-29,43.9,44.16,43.55,43.92,28.5510291418025,4578600,0.0000,1.0
2011-06-28,43.64,43.79,43.43,43.6,28.3430070715526,4160100,0.0000,1.0
2011-06-27,43.21,44.06,42.91,43.53,28.2975022436854,4013400,0.0000,1.0
2011-06-24,44.5,44.68,43.06,43.13,28.037474655873,6482200,0.0000,1.0
2011-06-23,43.7,44.65,43.21,44.54,28.9540719029117,7318300,0.0000,1.0
2011-06-22,44.41,45.03,44.3,44.38,28.8500608677868,4131600,0.0000,1.0
2011-06-21,43.93,44.79,43.85,44.68,29.0450815586461,2946800,0.0000,1.0
2011-06-20,43.55,43.78,43.185,43.73,28.4275160375916,3742600,0.0000,1.0
2011-06-17,44.14,44.34,43.42,43.65,28.3755105200291,4134100,0.0000,1.0
2011-06-16,43.09,43.87,42.81,43.63,28.3625091406385,4670000,0.0000,1.0
2011-06-15,43.33,43.73,42.81,43.0,27.9529656898339,3631000,0.1200,1.0
2011-06-14,43.22,44.16,43.06,43.94,28.4845387850488,4365200,0.0000,1.0
2011-06-13,44.13,44.29,42.75,42.81,27.7520051294479,5595800,0.0000,1.0
2011-06-10,44.75,44.87,43.87,44.09,28.5817777658808,4750700,0.0000,1.0
2011-06-09,44.96,45.13,44.72,44.93,29.1263160585399,4312300,0.0000,1.0
2011-06-08,45.84,45.84,44.74,44.82,29.0550074725964,4389100,0.0000,1.0
2011-06-07,46.65,46.6708,45.8,45.83,29.7097499435318,3100800,0.0000,1.0
2011-06-06,46.7,47.31,45.98,46.19,29.9431234975285,2824300,0.0000,1.0
2011-06-03,46.97,47.37,46.68,46.86,30.3774576119114,2249200,0.0000,1.0
2011-06-02,47.65,48.3,47.29,47.73,30.9414437007369,2612400,0.0000,1.0
2011-06-01,49.57,49.72,47.44,47.47,30.7728961339614,3809000,0.0000,1.0
2011-05-31,49.99,50.05,49.18,49.9,32.3481676234396,2326700,0.0000,1.0
2011-05-27,49.33,49.59,48.97,49.53,32.1083114707207,1524600,0.0000,1.0
2011-05-26,48.8,49.17,48.3,49.06,31.8036293307805,1751200,0.0000,1.0
2011-05-25,47.95,49.23,47.86,48.97,31.7452859422813,2851100,0.0000,1.0
2011-05-24,48.39,48.69,47.9,48.29,31.3044692291763,2609000,0.0000,1.0
2011-05-23,48.38,48.495,47.761,48.16,31.2201954457886,2242300,0.0000,1.0
2011-05-20,49.96,50.2,49.11,49.18,31.881420515446,2879400,0.0000,1.0
2011-05-19,49.34,50.33,49.34,50.06,32.4518892029937,3434400,0.0000,1.0
2011-05-18,48.56,49.42,47.8501,49.21,31.9008683116124,3963400,0.0000,1.0
2011-05-17,49.36,49.45,48.17,48.45,31.4081908087304,4441000,0.0000,1.0
2011-05-16,49.87,50.51,49.59,49.73,32.2379634451633,2519100,0.0000,1.0
2011-05-13,50.72,50.94,49.58,50.12,32.4907847953265,2931000,0.0000,1.0
2011-05-12,50.23,50.87,49.42,50.79,32.9251189097093,2480500,0.0000,1.0
2011-05-11,51.83,52.06,50.03,50.36,32.6463671646576,3495400,0.0000,1.0
2011-05-10,50.94,52.33,50.88,52.08,33.7613741448644,4021900,0.0000,1.0
2011-05-09,50.12,51.28,50.07,50.87,32.9769796994864,2889300,0.0000,1.0
2011-05-06,49.93,51.17,49.81,50.08,32.4648544004379,4002200,0.0000,1.0
2011-05-05,49.68,50.5099,49.08,49.25,31.926798706501,4013500,0.0000,1.0
2011-05-04,50.52,50.82,49.83,49.9,32.3481676234396,3320600,0.0000,1.0
2011-05-03,50.23,51.02,49.88,50.53,32.7565713429339,3501300,0.0000,1.0
2011-05-02,50.43,50.95,50.03,50.45,32.7047105531568,3623000,0.0000,1.0
2011-04-29,50.88,51.08,50.45,50.5,32.7371235467675,2432000,0.0000,1.0
2011-04-28,50.67,51.19,50.54,50.7,32.8667755212101,1870400,0.0000,1.0
2011-04-27,50.77,51.02,49.93,50.79,32.9251189097093,3575300,0.0000,1.0
2011-04-26,51.22,51.57,50.37,50.68,32.8538103237659,4261100,0.0000,1.0
2011-04-25,49.95,50.34,49.65,50.18,32.5296803876593,2585600,0.0000,1.0
2011-04-21,49.32,50.83,49.32,50.2,32.5426455851035,5728600,0.0000,1.0
2011-04-20,47.7,49.3,47.23,48.83,31.6545295601714,5505400,0.0000,1.0
2011-04-19,46.25,46.94,46.25,46.88,30.3904228093556,2067100,0.0000,1.0
2011-04-18,46.28,46.33,45.63,46.19,29.9431234975285,2562300,0.0000,1.0
2011-04-15,46.72,46.99,46.29,46.78,30.3255968221343,3348500,0.0000,1.0
2011-04-14,47.01,47.1,46.475,46.72,30.2867012298015,2294000,0.0000,1.0
2011-04-13,47.31,47.49,46.58,47.33,30.6821397518516,2785400,0.0000,1.0
2011-04-12,47.78,48.0,47.01,47.07,30.5135921850762,2933800,0.0000,1.0
2011-04-11,48.01,48.56,47.97,48.13,31.2007476496222,2657600,0.0000,1.0
2011-04-08,48.67,48.8,47.76,47.98,31.1035086687902,2778600,0.0000,1.0
2011-04-07,48.52,49.31,48.36,48.42,31.388743012564,5372300,0.0000,1.0
2011-04-06,48.02,48.11,47.46,47.82,30.9997870892361,2038300,0.0000,1.0
2011-04-05,47.76,48.15,47.36,47.9,31.0516478790131,2296400,0.0000,1.0
2011-04-04,48.33,48.37,47.65,47.95,31.0840608726238,2428500,0.0000,1.0
2011-04-01,48.6,48.82,48.17,48.32,31.3239170253427,3010900,0.0000,1.0
2011-03-31,48.48,48.74,48.29,48.31,31.3174344266205,3221200,0.0000,1.0
2011-03-30,48.3,48.87,48.27,48.8,31.635081764005,2407300,0.0000,1.0
2011-03-29,47.74,48.24,47.29,48.16,31.2201954457886,1392900,0.0000,1.0
2011-03-28,48.2,48.35,47.9,47.91,31.0581304777353,2015900,0.0000,1.0
2011-03-25,48.16,48.545,47.86,48.18,31.2331606432328,2371600,0.0000,1.0
2011-03-24,47.81,48.06,47.32,48.0,31.1164738662345,2728900,0.0000,1.0
2011-03-23,47.41,47.65,46.83,47.47,30.7728961339614,1671700,0.0000,1.0
2011-03-22,48.26,48.32,47.331,47.47,30.7728961339614,2668700,0.0000,1.0
2011-03-21,47.15,48.34,47.02,48.18,31.2331606432328,2919900,0.0000,1.0
2011-03-18,47.05,47.1,46.39,46.61,30.2153926438581,3626000,0.0000,1.0
2011-03-17,46.18,46.82,45.89,46.24,29.9755364911392,2461300,0.0000,1.0
2011-03-16,45.91,46.41,45.08,45.48,29.4828589882571,4800900,0.0000,1.0
2011-03-15,44.55,46.405,44.11,46.09,29.8782975103072,4534300,0.0000,1.0
2011-03-14,46.32,46.57,45.23,45.85,29.722715140976,3313100,0.0000,1.0
2011-03-11,45.63,46.78,45.55,46.53,30.163531854081,2873500,0.0000,1.0
2011-03-10,45.42,46.44,44.53,45.76,29.6643717524768,5388700,0.0000,1.0
2011-03-09,45.77,46.17,45.12,46.13,29.9042279051957,3779400,0.0700,1.0
2011-03-08,45.14,46.4,45.03,46.0,29.7747723731386,3481300,0.0000,1.0
2011-03-07,45.12,45.46,44.45,45.13,29.2116408086901,4811500,0.0000,1.0
2011-03-04,45.4,45.45,44.52,44.87,29.0433486170159,5338500,0.0000,1.0
2011-03-03,45.01,45.66,44.64,45.33,29.3410963407472,4643500,0.0000,1.0
2011-03-02,44.35,44.95,44.14,44.51,28.810328659313,4134900,0.0000,1.0
2011-03-01,45.5,45.69,44.35,44.48,28.7909103295045,5823600,0.0000,1.0
2011-02-28,45.2,45.69,44.91,45.3,29.3216780109387,3191800,0.0000,1.0
2011-02-25,44.85,45.21,44.53,45.18,29.2440046917044,3130200,0.0000,1.0
2011-02-24,44.73,45.27,44.41,44.74,28.9592025211787,5420600,0.0000,1.0
2011-02-23,45.97,46.07,43.97,44.84,29.0239302872073,7298200,0.0000,1.0
2011-02-22,46.54,46.985,45.95,46.11,29.84597291577,4988200,0.0000,1.0
2011-02-18,46.85,47.38,46.83,47.1,30.4867777994528,4250200,0.0000,1.0
2011-02-17,47.05,47.17,46.7,46.79,30.2861217247642,4472300,0.0000,1.0
2011-02-16,47.42,47.95,46.8,47.27,30.5968150017013,3797500,0.0000,1.0
2011-02-15,46.82,47.37,46.31,47.36,30.6550699911271,5282900,0.0000,1.0
2011-02-14,47.49,47.7,46.97,47.1,30.4867777994528,3715100,0.0000,1.0
2011-02-11,46.42,47.58,46.33,47.49,30.7392160869642,4743500,0.0000,1.0
2011-02-10,45.81,46.74,45.64,46.62,30.1760845225157,7452500,0.0000,1.0
2011-02-09,45.88,47.17,45.795,46.25,29.93659178821,19828600,0.0000,1.0
2011-02-08,48.68,49.07,48.06,49.03,31.736023683804,5338000,0.0000,1.0
2011-02-07,48.05,48.75,47.89,48.58,31.4447487366755,3367100,0.0000,1.0
2011-02-04,47.19,47.99,46.86,47.9,31.0045999276813,3346300,0.0000,1.0
2011-02-03,47.83,47.83,46.63,47.17,30.5320872356728,4041300,0.0000,1.0
2011-02-02,47.43,48.33,47.43,47.77,30.9204538318442,6106700,0.0000,1.0
2011-02-01,47.43,47.83,47.32,47.67,30.8557260658156,6297100,0.0000,1.0
2011-01-31,46.32,47.24,46.2,47.2,30.5515055654814,4570900,0.0000,1.0
2011-01-28,47.04,47.42,45.995,46.12,29.8524456923729,3062000,0.0000,1.0
2011-01-27,46.72,47.15,46.385,47.0,30.4220500334242,2199600,0.0000,1.0
2011-01-26,46.36,46.99,46.29,46.79,30.2861217247642,3304900,0.0000,1.0
2011-01-25,46.02,46.49,45.78,46.24,29.9301190116072,3310500,0.0000,1.0
2011-01-24,45.37,46.178,45.37,46.14,29.8653912455786,3539100,0.0000,1.0
2011-01-21,46.02,46.33,45.43,45.62,29.5288068622301,3950400,0.0000,1.0
2011-01-20,45.67,45.85,45.27,45.66,29.5546979686415,6022200,0.0000,1.0
2011-01-19,46.58,46.63,46.0,46.2,29.9042279051957,3462100,0.0000,1.0
2011-01-18,46.84,47.13,46.68,46.79,30.2861217247642,2900300,0.0000,1.0
2011-01-14,46.83,46.93,46.13,46.82,30.3055400545728,4776500,0.0000,1.0
2011-01-13,47.14,47.24,46.64,46.9,30.3573222673957,2435300,0.0000,1.0
2011-01-12,46.99,47.25,46.84,47.19,30.5450327888785,3343200,0.0000,1.0
2011-01-11,46.86,47.15,46.57,46.79,30.2861217247642,6175700,0.0000,1.0
2011-01-10,46.23,46.67,45.95,46.55,30.1307750862957,4202800,0.0000,1.0
2011-01-07,47.12,47.3201,46.2505,46.6,30.16313896931,4495300,0.0000,1.0
2011-01-06,47.29,47.55,46.75,46.94,30.3832133738071,3675700,0.0000,1.0
2011-01-05,46.86,47.5,46.76,47.27,30.5968150017013,3929600,0.0000,1.0
2011-01-04,46.78,47.31,46.45,46.99,30.4155772568214,7005400,0.0000,1.0
2011-01-03,47.47,47.815,47.26,47.66,30.8492532892127,4278800,0.0000,1.0
2010-12-31,47.32,47.35,46.98,47.09,30.4803050228499,1931700,0.0000,1.0
2010-12-30,47.24,47.5,47.02,47.36,30.6550699911271,1768100,0.0000,1.0
2010-12-29,47.15,47.47,46.74,47.33,30.6356516613185,2337400,0.0000,1.0
2010-12-28,47.16,47.34,46.99,47.25,30.5838694484956,2880400,0.0000,1.0
2010-12-27,46.79,47.17,46.5,47.15,30.5191416824671,1787600,0.0000,1.0
2010-12-23,47.1,47.1,46.83,46.88,30.34437671419,2738400,0.0000,1.0
2010-12-22,46.9,47.2099,46.9,47.09,30.4803050228499,2978200,0.0000,1.0
2010-12-21,47.21,47.35,46.83,47.14,30.5126689058642,4240700,0.0000,1.0
2010-12-20,47.0,47.29,46.3901,47.11,30.4932505760556,3310100,0.0000,1.0
2010-12-17,46.7,47.35,46.63,47.0,30.4220500334242,6787800,0.0000,1.0
2010-12-16,46.09,46.51,45.71,46.47,30.0789928734728,2553200,0.0000,1.0
2010-12-15,45.8,46.23,45.64,46.01,29.7812451497415,4756000,0.0000,1.0
2010-12-14,44.96,45.94,44.73,45.79,29.6388440644786,4987800,0.0000,1.0
2010-12-13,44.6,45.0,44.17,44.79,28.991566404193,3763200,0.0000,1.0
2010-12-10,44.11,44.6,43.97,44.41,28.7456008932845,3685200,0.0700,1.0
2010-12-09,43.92,44.22,43.7,44.09,28.4935598782579,4483700,0.0000,1.0
2010-12-08,43.69,43.95,43.41,43.65,28.2092059125869,3297300,0.0000,1.0
2010-12-07,43.45,44.1,43.41,43.68,28.2285936829736,5366400,0.0000,1.0
2010-12-06,42.73,43.2,42.38,43.02,27.8020627344671,2537100,0.0000,1.0
2010-12-03,42.28,42.92,42.26,42.91,27.7309742430494,3069100,0.0000,1.0
2010-12-02,42.14,42.74,41.92,42.69,27.5887972602139,3701600,0.0000,1.0
2010-12-01,41.66,42.45,41.66,42.1,27.2075044426096,6764300,0.0000,1.0
2010-11-30,40.52,41.315,40.34,41.0,26.4966195284322,4281000,0.0000,1.0
2010-11-29,40.52,41.18,40.46,41.08,26.5483202494633,5739000,0.0000,1.0
2010-11-26,40.82,41.21,40.48,40.83,26.3867554962411,1407300,0.0000,1.0
2010-11-24,40.49,41.2,40.41,41.13,26.5806332001077,3799000,0.0000,1.0
2010-11-23,40.58,40.69,39.87,40.16,25.9537619576058,6390700,0.0000,1.0
2010-11-22,40.77,41.21,40.6,41.15,26.5935583803655,5414100,0.0000,1.0
2010-11-19,40.96,41.23,40.59,40.91,26.4384562172722,6361700,0.0000,1.0
2010-11-18,41.78,41.85,41.11,41.21,26.6323339211388,6643400,0.0000,1.0
2010-11-17,41.69,41.69,40.57,40.89,26.4255310370144,11086300,0.0000,1.0
2010-11-16,42.03,42.06,41.0,41.42,26.7680483138454,85426900,0.0000,1.0
2010-11-15,42.24,42.39,41.94,42.19,27.2656677537696,12701200,0.0000,1.0
2010-11-12,42.54,42.69,41.83,42.01,27.1493411314496,12176300,0.0000,1.0
2010-11-11,42.59,43.0,42.35,42.92,27.7374368331783,18272900,0.0000,1.0
2010-11-10,40.62,41.22,40.071,41.14,26.5870957902366,3056300,0.0000,1.0
2010-11-09,41.08,41.1799,40.47,40.67,26.2833540541789,2395000,0.0000,1.0
2010-11-08,40.63,41.21,40.21,41.06,26.5353950692055,2915400,0.0000,1.0
2010-11-05,40.48,41.1,40.26,41.03,26.5160072988188,2993900,0.0000,1.0
2010-11-04,39.95,40.63,39.85,40.6,26.2381159232767,4266900,0.0000,1.0
2010-11-03,39.43,39.9,39.11,39.62,25.6047820906459,3017400,0.0000,1.0
2010-11-02,39.95,39.95,39.33,39.51,25.5336935992282,3182700,0.0000,1.0
2010-11-01,39.5,39.95,39.39,39.66,25.6306324511615,3654300,0.0000,1.0
2010-10-29,38.93,39.48,38.74,39.31,25.4044417966505,2226500,0.0000,1.0
2010-10-28,39.73,39.74,38.9,39.09,25.262264813815,2073600,0.0000,1.0
2010-10-27,39.27,39.5,38.871,39.35,25.430292157166,2016700,0.0000,1.0
2010-10-26,39.51,39.87,38.95,39.68,25.6435576314192,5395100,0.0000,1.0
2010-10-25,39.54,40.13,39.37,39.87,25.7663468438681,4033800,0.0000,1.0
2010-10-22,38.54,39.5,38.02,39.35,25.430292157166,5944100,0.0000,1.0
2010-10-21,38.53,39.11,38.34,38.96,25.1782511421395,5185600,0.0000,1.0
2010-10-20,38.03,38.66,38.03,38.43,24.8357338653085,2573900,0.0000,1.0
2010-10-19,38.5,38.63,37.845,37.99,24.5513798996375,4299100,0.0000,1.0
2010-10-18,38.76,39.02,38.49,38.84,25.1007000605928,2552300,0.0000,1.0
2010-10-15,39.22,39.34,38.35,38.74,25.036074159304,4365500,0.0000,1.0
2010-10-14,38.97,39.4,38.65,38.8,25.0748497000773,4660500,0.0000,1.0
2010-10-13,38.98,39.35,38.67,39.07,25.2493396335572,4877600,0.0000,1.0
2010-10-12,38.34,38.74,37.94,38.6,24.9455978974996,4640000,0.0000,1.0
2010-10-11,38.77,38.9,38.48,38.6,24.9455978974996,1549900,0.0000,1.0
2010-10-08,38.28,38.85,38.14,38.65,24.977910848144,3694500,0.0000,1.0
2010-10-07,38.2,38.5,38.0,38.38,24.8034209146641,5144300,0.0000,1.0
2010-10-06,37.31,38.25,37.25,38.17,24.6677065219575,5970200,0.0000,1.0
2010-10-05,36.74,37.46,36.3,37.16,24.01498491894,4035000,0.0000,1.0
2010-10-04,35.98,36.78,35.64,36.06,23.3041000047625,3095400,0.0000,1.0
2010-10-01,36.14,36.19,35.7,35.91,23.2071611528293,2315400,0.0000,1.0
2010-09-30,35.84,36.4,35.5,35.71,23.0779093502515,2564900,0.0000,1.0
2010-09-29,35.4,35.8,35.22,35.72,23.0843719403804,3252000,0.0000,1.0
2010-09-28,34.86,35.66,34.28,35.56,22.9809704983182,4151700,0.0000,1.0
2010-09-27,35.28,35.28,34.57,34.88,22.541514369554,3313900,0.0000,1.0
2010-09-24,35.4,35.67,35.18,35.29,22.8064805648383,3737900,0.0000,1.0
2010-09-23,35.19,35.41,34.75,34.87,22.5350517794251,2553000,0.0000,1.0
2010-09-22,35.79,36.13,35.31,35.64,23.0326712193493,2773000,0.0000,1.0
2010-09-21,35.63,36.21,35.57,35.95,23.2330115133448,2625500,0.0000,1.0
2010-09-20,34.94,35.78,34.71,35.69,23.0649841699938,2857800,0.0000,1.0
2010-09-17,34.62,34.96,34.38,34.89,22.5479769596829,4365400,0.0000,1.0
2010-09-16,33.62,34.56,33.62,34.5,22.2959359446563,4020200,0.0000,1.0
2010-09-15,34.28,34.36,33.81,33.85,21.8758675862788,3442800,0.0000,1.0
2010-09-14,34.68,34.89,34.39,34.57,22.3411740755585,3383000,0.0000,1.0
2010-09-13,35.01,35.22,34.75,34.87,22.5350517794251,1464800,0.0000,1.0
2010-09-10,34.26,34.86,34.21,34.59,22.3540992558163,3503300,0.0700,1.0
2010-09-09,34.82,34.88,33.99,34.21,22.0638700387039,2785500,0.0000,1.0
2010-09-08,34.1,34.69,34.1,34.39,22.1799617255488,2159400,0.0000,1.0
2010-09-07,34.55,34.55,34.01,34.13,22.0122737334394,2132700,0.0000,1.0
2010-09-03,34.6,35.09,34.39,34.67,22.3605487939744,1569100,0.0000,1.0
2010-09-02,33.86,34.31,33.615,34.31,22.1283654202844,2924200,0.0000,1.0
2010-09-01,32.81,34.06,32.81,33.69,21.728494054485,5931200,0.0000,1.0
2010-08-31,33.05,33.26,32.42,32.53,20.9803476281507,4580600,0.0000,1.0
2010-08-30,33.76,33.94,33.11,33.14,21.3737694557921,2646700,0.0000,1.0
2010-08-27,33.52,34.07,32.9,33.85,21.8316866650139,3223600,0.0000,1.0
2010-08-26,33.73,33.96,33.2401,33.33,21.4963106807951,2232400,0.0000,1.0
2010-08-25,33.23,33.5,32.91,33.45,21.5737051386917,5074900,0.0000,1.0
2010-08-24,34.14,34.33,33.5,33.58,21.6575491347464,4140300,0.0000,1.0
2010-08-23,35.39,35.59,34.66,34.71,22.3863469466066,2128200,0.0000,1.0
2010-08-20,35.29,35.32,34.89,35.22,22.7152733926674,1966700,0.0000,1.0
2010-08-19,35.92,36.22,35.2913,35.55,22.9281081518832,1605100,0.0000,1.0
2010-08-18,36.09,36.39,35.55,36.13,23.3021813650503,2628900,0.0000,1.0
2010-08-17,35.53,36.395,35.22,36.08,23.26993367426,4323000,0.0000,1.0
2010-08-16,35.03,35.46,34.83,35.1,22.6378789347707,2250900,0.0000,1.0
2010-08-13,35.18,35.61,35.07,35.29,22.7604201597737,2984600,0.0000,1.0
2010-08-12,34.66,35.55,34.66,35.26,22.7410715452996,2602900,0.0000,1.0
2010-08-11,36.25,36.25,35.34,35.39,22.8249155413543,4317600,0.0000,1.0
2010-08-10,37.03,37.28,36.57,36.94,23.8245939558527,3417500,0.0000,1.0
2010-08-09,37.84,38.02,37.37,37.58,24.2373643979682,2382600,0.0000,1.0
2010-08-06,37.56,37.97,37.31,37.59,24.2438139361262,2813200,0.0000,1.0
2010-08-05,37.85,38.25,37.68,38.15,24.6049880729773,2336200,0.0000,1.0
2010-08-04,37.64,38.0,37.56,37.98,24.4953459242904,1971600,0.0000,1.0
2010-08-03,37.67,37.99,37.31,37.5,24.1857680927037,2308100,0.0000,1.0
2010-08-02,38.06,38.34,37.62,38.0,24.5082450006065,3130500,0.0000,1.0
2010-07-30,36.88,37.7,36.78,37.46,24.1599699400715,3505300,0.0000,1.0
2010-07-29,37.92,38.18,37.11,37.45,24.1535204019135,4414900,0.0000,1.0
2010-07-28,37.79,38.09,37.56,37.74,24.3405570084971,3279400,0.0000,1.0
2010-07-27,38.28,38.37,37.57,38.04,24.5340431532387,3367100,0.0000,1.0
2010-07-26,37.18,38.24,37.14,38.11,24.5791899203451,3955500,0.0000,1.0
2010-07-23,35.38,37.38,34.76,37.29,24.0503277913846,5926700,0.0000,1.0
2010-07-22,36.39,37.07,36.39,36.8,23.7343004216399,6476400,0.0000,1.0
2010-07-21,36.0,36.59,35.72,36.06,23.2570345979439,4138100,0.0000,1.0
2010-07-20,34.41,35.81,34.29,35.72,23.0377503005701,3881400,0.0000,1.0
2010-07-19,34.38,35.13,34.15,34.98,22.5604844768741,4572400,0.0000,1.0
2010-07-16,34.86,35.02,34.25,34.37,22.1670626492327,7030400,0.0000,1.0
2010-07-15,34.82,35.04,34.16,34.93,22.5282367860838,3524000,0.0000,1.0
2010-07-14,34.72,35.21,34.35,34.97,22.554034938716,3245000,0.0000,1.0
2010-07-13,34.12,35.14,34.12,35.08,22.6249798584546,5220400,0.0000,1.0
2010-07-12,33.95,34.315,33.64,33.9,21.8639343558042,3971700,0.0000,1.0
2010-07-09,34.06,34.28,33.66,34.04,21.9542278900169,5661700,0.0000,1.0
2010-07-08,34.19,34.44,33.92,34.25,22.0896681913361,6065600,0.0000,1.0
2010-07-07,33.51,34.13,33.38,34.06,21.9671269663331,7294900,0.0000,1.0
2010-07-06,33.84,34.48,33.23,33.48,21.5930537531659,5702100,0.0000,1.0
2010-07-02,33.82,34.12,33.26,33.32,21.489861142637,4537200,0.0000,1.0
2010-07-01,34.83,34.83,33.11,33.68,21.722044516327,8277300,0.0000,1.0
2010-06-30,35.44,35.78,34.42,34.49,22.2444571071294,5637200,0.0000,1.0
2010-06-29,36.4,36.52,35.02,35.28,22.7539706216157,8074700,0.0000,1.0
2010-06-28,37.97,38.04,36.95,37.01,23.8697407229591,5320300,0.0000,1.0
2010-06-25,38.15,38.37,37.32,38.0,24.5082450006065,29662800,0.0000,1.0
2010-06-24,38.32,38.65,37.73,38.25,24.6694834545578,5247000,0.0000,1.0
2010-06-23,39.15,39.31,38.12,38.59,24.8887677519317,7253800,0.0000,1.0
2010-06-22,40.05,40.33,38.9,39.03,25.1725474308861,4318000,0.0000,1.0
2010-06-21,39.88,40.65,39.6803,39.99,25.7917030940593,5315900,0.0000,1.0
2010-06-18,39.29,39.71,39.0,39.42,25.4240794190502,3761000,0.0000,1.0
2010-06-17,39.79,39.89,38.77,39.25,25.3144372703633,3670200,0.0000,1.0
2010-06-16,39.14,39.86,39.13,39.56,25.5143729532629,4812100,0.0000,1.0
2010-06-15,38.54,39.69,38.48,39.64,25.5659692585274,5341400,0.0000,1.0
2010-06-14,37.99,38.83,37.99,38.08,24.5598413058709,3583500,0.0000,1.0
2010-06-11,36.63,37.75,36.63,37.71,24.3212083940229,3261900,0.0000,1.0
2010-06-10,37.0,37.46,36.63,37.3,24.0567773295427,4063900,0.0700,1.0
2010-06-09,36.86,37.19,36.05,36.21,23.3100323013845,4668800,0.0000,1.0
2010-06-08,36.3,36.6,35.69,36.47,23.4774061870062,5894000,0.0000,1.0
2010-06-07,37.23,37.52,36.2,36.3,23.3679694156382,6409200,0.0000,1.0
2010-06-04,38.39,38.66,37.02,37.23,23.9666529295925,4028100,0.0000,1.0
2010-06-03,38.68,39.29,38.65,39.17,25.2155196146156,4850800,0.0000,1.0
2010-06-02,37.65,38.51,37.28,38.51,24.7906474434222,4208200,0.0000,1.0
2010-06-01,36.78,38.27,36.78,37.48,24.1275893580749,6660300,0.0000,1.0
2010-05-28,37.93,37.93,36.96,37.31,24.0181525867069,3455000,0.0000,1.0
2010-05-27,37.0,37.77,36.93,37.68,24.2563385008608,4254200,0.0000,1.0
2010-05-26,36.08,36.83,35.925,36.13,23.2585326442702,4862700,0.0000,1.0
2010-05-25,34.77,35.76,34.36,35.66,22.9559721587233,5717600,0.0000,1.0
2010-05-24,35.7,36.39,35.56,35.7,22.9817219872805,4647100,0.0000,1.0
2010-05-21,34.89,36.04,34.69,35.88,23.0975962157878,5794700,0.0000,1.0
2010-05-20,36.2,36.38,35.13,35.5,22.8529728444946,5765700,0.0000,1.0
2010-05-19,37.84,38.23,36.65,37.05,23.8507787010852,6445400,0.0000,1.0
2010-05-18,38.07,38.98,37.85,38.01,24.4687745864575,6498600,0.0000,1.0
2010-05-17,38.91,39.0,37.81,38.74,24.938708957626,6153000,0.0000,1.0
2010-05-14,39.66,39.66,38.37,38.75,24.9451464147653,4737300,0.0000,1.0
2010-05-13,39.3,40.6,39.08,40.01,25.7562660143163,6851800,0.0000,1.0
2010-05-12,38.55,39.63,38.48,39.61,25.4987677287446,8442600,0.0000,1.0
2010-05-11,37.04,38.42,36.97,38.11,24.5331491578504,5861600,0.0000,1.0
2010-05-10,37.02,38.11,36.4,37.61,24.2112763008857,7791000,0.0000,1.0
2010-05-07,35.98,37.11,34.89,35.24,22.685598958873,10943900,0.0000,1.0
2010-05-06,36.93,37.71,33.96,36.2,23.3035948442452,13388200,0.0000,1.0
2010-05-05,36.11,37.88,35.76,37.35,24.0439024152641,10518400,0.0000,1.0
2010-05-04,37.38,37.41,36.39,36.61,23.5675305869563,4900700,0.0000,1.0
2010-05-03,37.16,38.1,37.14,38.05,24.4945244150147,3728500,0.0000,1.0
2010-04-30,37.22,38.0,36.74,36.98,23.8057165011102,4411400,0.0000,1.0
2010-04-29,36.94,37.38,36.79,37.26,23.9859653010104,4861800,0.0000,1.0
2010-04-28,36.96,37.19,36.37,36.55,23.5289058441205,5544400,0.0000,1.0
2010-04-27,37.79,37.99,36.5,36.69,23.6190302440707,5580400,0.0000,1.0
2010-04-26,37.33,38.42,37.07,37.84,24.3593378150895,6600600,0.0000,1.0
2010-04-23,36.8,37.23,35.7,37.1,23.8829659867817,19558600,0.0000,1.0
2010-04-22,38.04,39.41,37.51,39.0,25.1060828432476,6717300,0.0000,1.0
2010-04-21,38.09,38.26,37.9,38.24,24.6168361006613,6552400,0.0000,1.0
2010-04-20,37.61,38.3,37.61,38.05,24.4945244150147,6756900,0.0000,1.0
2010-04-19,36.92,37.29,36.6,37.26,23.9859653010104,3752700,0.0000,1.0
2010-04-16,37.76,37.98,36.99,37.16,23.9215907296175,4670500,0.0000,1.0
2010-04-15,37.26,38.07,37.09,37.82,24.3464629008109,6051100,0.0000,1.0
2010-04-14,37.29,37.43,37.01,37.35,24.0439024152641,3918100,0.0000,1.0
2010-04-13,37.44,37.44,36.785,37.0,23.8185914153888,4876100,0.0000,1.0
2010-04-12,37.9,37.95,37.24,37.45,24.108276986657,6435900,0.0000,1.0
2010-04-09,36.95,37.37,36.67,37.33,24.0310275009855,4948600,0.0000,1.0
2010-04-08,36.24,36.91,36.06,36.81,23.6962797297422,5533400,0.0000,1.0
2010-04-07,36.21,36.82,36.11,36.66,23.5997178726528,6331700,0.0000,1.0
2010-04-06,36.01,36.58,35.96,36.44,23.4580938155883,3987800,0.0000,1.0
2010-04-05,35.65,36.4,35.65,36.3,23.3679694156382,3282600,0.0000,1.0
2010-04-01,35.2,35.981,35.179,35.55,22.8851601301911,2867500,0.0000,1.0
2010-03-31,34.74,35.11,34.63,34.87,22.4474130447191,2908600,0.0000,1.0
2010-03-30,34.82,35.6,34.7,34.88,22.4538505018584,3987600,0.0000,1.0
2010-03-29,34.82,35.1,34.61,34.65,22.3057889876546,2349200,0.0000,1.0
2010-03-26,34.54,34.92,34.36,34.64,22.2993515305153,4377700,0.0000,1.0
2010-03-25,35.16,35.63,34.52,34.52,22.2221020448438,5135400,0.0000,1.0
2010-03-24,35.95,36.07,34.81,34.9,22.466725416137,5154400,0.0000,1.0
2010-03-23,35.52,36.21,35.52,36.15,23.2714075585488,3535300,0.0000,1.0
2010-03-22,34.53,35.66,34.41,35.61,22.9237848730269,3876900,0.0000,1.0
2010-03-19,35.47,35.63,34.52,34.87,22.4474130447191,5161100,0.0000,1.0
2010-03-18,35.27,35.45,34.89,35.33,22.7435360731266,3468500,0.0000,1.0
2010-03-17,35.71,35.87,35.071,35.19,22.6534116731765,5221500,0.0000,1.0
2010-03-16,35.15,35.9,35.0,35.7,22.9817219872805,4917400,0.0000,1.0
2010-03-15,34.54,35.08,34.4,34.94,22.4924752446942,3814500,0.0000,1.0
2010-03-12,34.67,35.0,34.5,34.81,22.4087883018833,6952800,0.0000,1.0
2010-03-11,33.77,34.76,33.59,34.72,22.3508511876297,6187500,0.0000,1.0
2010-03-10,33.85,34.06,33.55,33.89,21.8165422450683,2846700,0.0000,1.0
2010-03-09,33.72,34.335,33.69,33.84,21.7843549593718,3393500,0.0000,1.0
2010-03-08,33.93,34.15,33.63,34.03,21.9066666450184,2947400,0.0000,1.0
2010-03-05,33.51,34.12,33.46,33.94,21.8487295307647,4133700,0.0000,1.0
2010-03-04,33.95,34.02,33.01,33.18,21.3594827881784,7314000,0.0000,1.0
2010-03-03,33.0,34.05,32.98,33.65,21.6620432737252,6214900,0.0000,1.0
2010-03-02,32.95,32.98,32.63,32.83,21.1341717883031,6998600,0.0000,1.0
2010-03-01,31.94,32.83,31.92,32.69,21.0440473883529,5600300,0.0000,1.0
2010-02-26,31.99,32.05,31.59,31.91,20.541925731488,4566700,0.0000,1.0
2010-02-25,31.96,32.11,31.47,31.99,20.5934253886023,6557200,0.0000,1.0
2010-02-24,32.57,32.67,31.95,32.4,20.8573611313134,5519500,0.0000,1.0
2010-02-23,33.02,33.26,32.28,32.51,20.9281731598456,6039200,0.0000,1.0
2010-02-22,33.43,33.6,33.21,33.27,21.417419902432,3509700,0.0000,1.0
2010-02-19,33.1,33.58,32.9,33.36,21.4753570166857,3145000,0.0000,1.0
2010-02-18,32.5,33.4,32.3,33.24,21.3981075310141,4331000,0.0000,1.0
2010-02-17,31.94,32.8,31.67,32.53,20.9410480741242,5326000,0.0000,1.0
2010-02-16,31.44,31.9932,31.19,31.88,20.5226133600701,4717100,0.0000,1.0
2010-02-12,30.98,31.64,30.12,31.26,20.1234910174339,21771900,0.0700,1.0
2010-02-11,33.38,34.07,33.08,33.98,21.8256056422727,5212200,0.0000,1.0
2010-02-10,33.54,33.98,33.19,33.39,21.4466442729689,4700700,0.0000,1.0
2010-02-09,34.01,34.91,33.47,33.56,21.5558365319209,5546900,0.0000,1.0
2010-02-08,32.82,33.5,32.31,32.88,21.1190674961132,2819300,0.0000,1.0
2010-02-05,32.98,33.09,31.92,32.91,21.1383367182812,6557400,0.0000,1.0
2010-02-04,34.28,34.28,33.01,33.06,21.2346828291211,3715500,0.0000,1.0
2010-02-03,34.24,34.85,34.13,34.54,22.1852977894084,2680100,0.0000,1.0
2010-02-02,33.31,34.79,33.15,34.49,22.1531824191284,6393500,0.0000,1.0
2010-02-01,33.06,33.36,32.63,33.03,21.2154136069531,5709800,0.0000,1.0
2010-01-29,33.4,33.62,32.445,32.46,20.8492983857614,5131800,0.0000,1.0
2010-01-28,33.91,34.0,32.76,33.29,21.382413532409,4560500,0.0000,1.0
2010-01-27,34.48,34.5,33.19,33.88,21.7613749017127,7332400,0.0000,1.0
2010-01-26,34.88,35.1,34.18,34.76,22.3266054186403,4777700,0.0000,1.0
2010-01-25,35.53,35.79,35.0,35.01,22.4871822700402,3773100,0.0000,1.0
2010-01-22,36.59,36.78,35.23,35.24,22.6349129733281,4073800,0.0000,1.0
2010-01-21,37.39,37.44,36.56,36.67,23.5534125633355,5283600,0.0000,1.0
2010-01-20,37.21,37.28,36.45,37.24,23.9195277845272,5023600,0.0000,1.0
2010-01-19,36.98,37.82,36.91,37.49,24.0801046359271,6178100,0.0000,1.0
2010-01-15,37.02,37.26,36.73,37.06,23.8039124515193,3362200,0.0000,1.0
2010-01-14,36.6,37.03,36.52,36.99,23.7589509331273,1948900,0.0000,1.0
2010-01-13,36.78,36.85,36.42,36.68,23.5598356373915,2899200,0.0000,1.0
2010-01-12,37.12,37.23,36.44,36.72,23.5855279336154,3134700,0.0000,1.0
2010-01-11,36.87,37.86,36.74,37.51,24.0929507840391,4246200,0.0000,1.0
2010-01-08,35.83,36.68,35.66,36.61,23.5148741189995,3080100,0.0000,1.0
2010-01-07,35.65,36.5,35.43,35.99,23.1166435275278,3964200,0.0000,1.0
2010-01-06,35.89,35.98,35.39,35.63,22.8854128615119,3274300,0.0000,1.0
2010-01-05,36.1,36.26,35.64,35.89,23.0524127869678,2522700,0.0000,1.0
2010-01-04,36.0,36.45,35.9,36.25,23.2836434529836,2965200,0.0000,1.0
2009-12-31,36.23,36.23,35.74,35.74,22.9560666761279,1038100,0.0000,1.0
2009-12-30,35.99,36.35,35.97,36.13,23.2065665643117,1306900,0.0000,1.0
2009-12-29,36.25,36.6,36.16,36.23,23.2707973048717,1359900,0.0000,1.0
2009-12-28,36.35,36.5199,36.08,36.29,23.3093357492076,908500,0.0000,1.0
2009-12-24,36.31,36.74,36.31,36.39,23.3735664897676,361800,0.0000,1.0
2009-12-23,35.8,36.39,35.66,36.23,23.2707973048717,1242700,0.0000,1.0
2009-12-22,36.1,36.43,35.895,35.94,23.0845281572478,1380800,0.0000,1.0
2009-12-21,35.74,36.5,35.74,36.09,23.1808742680877,2277500,0.0000,1.0
2009-12-18,36.16,36.37,35.56,35.62,22.8789897874559,2368900,0.0000,1.0
2009-12-17,35.87,36.07,35.69,35.97,23.1037973794158,2324200,0.0000,1.0
2009-12-16,36.68,36.75,36.07,36.27,23.2964896010956,1815700,0.0000,1.0
2009-12-15,36.31,36.73,36.0,36.42,23.3928357119356,2869400,0.0000,1.0
2009-12-14,35.81,36.6,35.61,36.5,23.4442203043835,2730900,0.0000,1.0
2009-12-11,35.49,35.82,35.35,35.63,22.8854128615119,1474600,0.0000,1.0
2009-12-10,35.32,35.58,35.03,35.35,22.7055667879441,3415000,0.0000,1.0
2009-12-09,34.86,35.11,34.37,34.93,22.4357976775922,1933800,0.0000,1.0
2009-12-08,35.3,35.49,34.77,34.97,22.4614899738162,2641000,0.0000,1.0
2009-12-07,35.64,35.87,35.49,35.64,22.8918359355679,2446600,0.0000,1.0
2009-12-04,36.13,36.16,35.05,35.78,22.9817589723519,3199600,0.0000,1.0
2009-12-03,36.01,36.53,35.45,35.54,22.827605195008,2974200,0.0000,1.0
2009-12-02,35.78,36.33,35.66,35.91,23.0652589350798,3654000,0.0000,1.0
2009-12-01,35.72,36.23,35.68,35.91,23.0652589350798,3511300,0.0000,1.0
2009-11-30,35.14,35.54,34.82,35.37,22.718412936056,2708500,0.0000,1.0
2009-11-27,34.59,35.46,34.36,35.24,22.6349129733281,2298100,0.0000,1.0
2009-11-25,35.52,36.09,35.39,35.82,23.0074512685758,2965900,0.0000,1.0
2009-11-24,36.06,36.25,35.34,35.57,22.846874417176,4220300,0.0000,1.0
2009-11-23,36.41,37.0,36.0,36.18,23.2386819345917,3337800,0.0000,1.0
2009-11-20,36.01,36.3,35.85,36.0,23.1230666015838,3185200,0.0000,1.0
2009-11-19,36.28,36.645,35.91,36.38,23.3671434157116,4399000,0.0000,1.0
2009-11-18,36.64,37.17,36.59,36.7,23.5726817855034,4040000,0.0000,1.0
2009-11-17,36.83,37.0,36.48,36.6,23.5084510449435,5492300,0.0000,1.0
2009-11-16,36.86,37.6,36.86,37.23,23.9131047104712,4613900,0.0000,1.0
2009-11-13,36.03,37.05,35.75,36.86,23.6754509703994,8017100,0.0000,1.0
2009-11-12,35.44,36.57,35.37,36.05,23.1551819718637,8510300,0.0000,1.0
2009-11-11,35.41,35.71,34.95,35.65,22.8982590096239,7114400,0.0000,1.0
2009-11-10,34.86,35.83,34.86,35.21,22.6156437511601,6278200,0.0700,1.0
2009-11-09,34.15,35.25,34.01,35.23,22.5835921018529,5276500,0.0000,1.0
2009-11-06,33.47,34.0,33.25,33.84,21.6925562511128,4118500,0.0000,1.0
2009-11-05,33.08,33.68,33.0,33.67,21.5835806434683,3680500,0.0000,1.0
2009-11-04,33.2,33.74,32.61,32.69,20.9553683170472,4576100,0.0000,1.0
2009-11-03,31.43,33.07,31.43,32.94,21.1156265635832,5207600,0.0000,1.0
2009-11-02,31.605,32.56,31.2,31.86,20.4233109385477,3574000,0.0000,1.0
2009-10-30,32.38,32.74,31.33,31.59,20.2502320322888,4359700,0.0000,1.0
2009-10-29,32.12,32.75,31.89,32.38,20.7566480913425,4876600,0.0000,1.0
2009-10-28,32.38,32.46,31.51,31.63,20.2758733517345,7515700,0.0000,1.0
2009-10-27,33.95,34.29,32.45,32.54,20.8592133691256,8195300,0.0000,1.0
2009-10-26,35.24,35.26,33.73,33.86,21.7053769108356,6035300,0.0000,1.0
2009-10-23,36.71,37.19,34.63,34.81,22.3143582476724,10833800,0.0000,1.0
2009-10-22,34.74,35.47,33.93,35.35,22.6605160601902,8160100,0.0000,1.0
2009-10-21,34.3,35.37,34.29,34.66,22.2182032997508,6211400,0.0000,1.0
2009-10-20,34.25,34.84,33.625,34.48,22.1028173622449,5856700,0.0000,1.0
2009-10-19,33.64,34.59,33.64,33.95,21.7630698795886,5446400,0.0000,1.0
2009-10-16,33.94,34.59,33.56,33.69,21.5964013031912,5419400,0.0000,1.0
2009-10-15,34.62,34.74,33.88,34.27,21.9682004351547,6584200,0.0000,1.0
2009-10-14,33.5,35.03,33.5,34.88,22.3592305567025,9667100,0.0000,1.0
2009-10-13,32.75,33.38,32.6934,33.27,21.3271674490107,6286400,0.0000,1.0
2009-10-12,32.45,33.08,32.38,32.89,21.083574914276,6422500,0.0000,1.0
2009-10-09,31.57,32.41,31.4,32.36,20.7438274316197,4024500,0.0000,1.0
2009-10-08,31.44,31.78,31.03,31.64,20.282283681596,6610100,0.0000,1.0
2009-10-07,30.77,31.17,30.67,31.05,19.904074219771,4746900,0.0000,1.0
2009-10-06,30.72,31.15,30.49,30.87,19.7886882822651,4601900,0.0000,1.0
2009-10-05,29.78,30.6,29.78,30.43,19.5066337683617,3913200,0.0000,1.0
2009-10-02,29.36,30.1,28.77,29.7,19.0386796884766,7969200,0.0000,1.0
2009-10-01,30.55,30.84,29.95,30.02,19.2438102440427,6353600,0.0000,1.0
2009-09-30,31.1,31.31,30.56,30.67,19.6604816850363,6071300,0.0000,1.0
2009-09-29,31.3,31.5,30.94,31.08,19.9233052093553,5061300,0.0000,1.0
2009-09-28,30.89,31.37,30.7,31.16,19.9745878482469,3660800,0.0000,1.0
2009-09-25,30.49,31.01,30.4,30.81,19.7502263030965,4624500,0.0000,1.0
2009-09-24,31.25,31.53,30.31,30.69,19.6733023447592,5458400,0.0000,1.0
2009-09-23,31.86,31.93,31.15,31.2,20.0002291676926,3526200,0.0000,1.0
2009-09-22,31.6,31.98,31.5,31.85,20.4169006086862,4313600,0.0000,1.0
2009-09-21,31.69,31.91,31.44,31.47,20.1733080739515,3170400,0.0000,1.0
2009-09-18,32.41,32.52,31.66,32.08,20.5643381954993,5126300,0.0000,1.0
2009-09-17,32.66,32.95,32.19,32.37,20.7502377614811,4287800,0.0000,1.0
2009-09-16,32.54,32.89,32.22,32.74,20.9874199663544,4949500,0.0000,1.0
2009-09-15,32.4,32.69,32.06,32.52,20.8463927094027,6901200,0.0000,1.0
2009-09-14,31.7,32.35,31.69,32.26,20.6797241330053,3787900,0.0000,1.0
2009-09-11,31.86,32.37,31.86,32.09,20.5707485253608,7354200,0.0000,1.0
2009-09-10,31.68,31.95,31.36,31.95,20.4810039073006,9056800,0.0000,1.0
2009-09-09,31.55,31.95,31.34,31.78,20.3720282996561,8021000,0.0000,1.0
2009-09-08,31.81,32.0,31.54,31.61,20.2630526920117,4819600,0.0000,1.0
2009-09-04,30.84,31.36,30.82,31.24,20.0258704871384,3454500,0.0000,1.0
2009-09-03,30.56,30.95,30.43,30.89,19.801508941988,2711200,0.0000,1.0
2009-09-02,30.35,30.73,30.16,30.28,19.4104788204401,3790900,0.0000,1.0
2009-09-01,30.61,31.43,29.99,30.46,19.5258647579461,6499600,0.0000,1.0
2009-08-31,30.91,30.98,30.5,30.89,19.801508941988,4595400,0.0000,1.0
2009-08-28,31.25,31.41,30.7,31.06,19.9104845496325,3979200,0.0000,1.0
2009-08-27,30.85,31.18,30.62,31.05,19.904074219771,5903600,0.0000,1.0
2009-08-26,30.81,31.0,30.2722,30.78,19.7309953135121,3239600,0.0000,1.0
2009-08-25,30.87,31.37,30.8,31.0,19.8720225704638,4947200,0.0000,1.0
2009-08-24,31.0,31.42,30.56,30.94,19.8335605912952,6637100,0.0000,1.0
2009-08-21,30.53,31.46,30.44,31.02,19.8848432301867,6944200,0.0000,1.0
2009-08-20,29.0,30.33,28.9947,30.08,19.2822722232113,8643300,0.0000,1.0
2009-08-19,28.55,29.2,28.3,29.02,18.6027772578987,4685400,0.0000,1.0
2009-08-18,28.33,29.92,28.33,28.96,18.5643152787301,5970700,0.0000,1.0
2009-08-17,28.2,28.54,27.83,28.29,18.1348231780136,5466800,0.0000,1.0
2009-08-14,29.81,29.81,28.65,28.91,18.5322636294229,5848400,0.0700,1.0
2009-08-13,29.11,29.88,29.01,29.63,18.9479286176604,14814500,0.0000,1.0
2009-08-12,28.23,29.27,28.14,29.03,18.5642378592873,6581100,0.0000,1.0
2009-08-11,28.36,28.5,27.53,28.04,17.9311481079716,5283100,0.0000,1.0
2009-08-10,28.42,28.76,28.27,28.62,18.302049174399,6640700,0.0000,1.0
2009-08-07,29.41,29.42,28.47,28.81,18.4235512478838,6001800,0.0000,1.0
2009-08-06,29.03,29.32,28.67,29.0,18.5450533213686,5629600,0.0000,1.0
2009-08-05,29.0,29.16,28.11,28.99,18.5386584753958,4994200,0.0000,1.0
2009-08-04,28.76,29.22,28.5,29.02,18.5578430133144,9431800,0.0000,1.0
2009-08-03,29.07,29.39,28.8879,29.03,18.5642378592873,8134200,0.0000,1.0
2009-07-31,28.54,29.22,28.42,28.88,18.468315169694,4784000,0.0000,1.0
2009-07-30,28.3,29.03,28.05,28.69,18.3468130962092,7293500,0.0000,1.0
2009-07-29,27.755,27.87,27.25,27.75,17.7456975747579,5180600,0.0000,1.0
2009-07-28,27.42,27.99,27.16,27.94,17.8671996482428,10494500,0.0000,1.0
2009-07-27,27.33,27.73,27.0,27.31,17.464324351951,6860500,0.0000,1.0
2009-07-24,25.355,27.65,25.35,27.48,17.57303673349,16190300,0.0000,1.0
2009-07-23,23.24,24.27,23.12,24.08,15.3987891027089,7135200,0.0000,1.0
2009-07-22,23.11,23.55,23.0,23.32,14.9127808087695,5467700,0.0000,1.0
2009-07-21,23.03,23.61,22.73,23.31,14.9063859627967,9670900,0.0000,1.0
2009-07-20,21.94,22.825,21.91,22.76,14.5546694342879,6189700,0.0000,1.0
2009-07-17,21.72,21.88,21.43,21.69,13.8704209151892,4932500,0.0000,1.0
2009-07-16,21.14,21.79,21.04,21.71,13.8832106071349,6055600,0.0000,1.0
2009-07-15,20.73,21.37,20.65,21.32,13.6338116141924,7068600,0.0000,1.0
2009-07-14,20.21,20.55,20.06,20.43,13.0646703226056,5196600,0.0000,1.0
2009-07-13,20.0,20.39,19.57,20.39,13.039090938714,5641500,0.0000,1.0
2009-07-10,19.48,19.95,19.48,19.88,12.7129537940969,4245100,0.0000,1.0
2009-07-09,20.15,20.46,19.65,19.76,12.6362156424222,6257300,0.0000,1.0
2009-07-08,20.16,20.49,19.57,19.85,12.6937692561782,7674200,0.0000,1.0
2009-07-07,20.36,20.8,20.07,20.16,12.8920094813377,9519300,0.0000,1.0
2009-07-06,20.77,20.77,19.77,20.33,13.0007218628767,8044400,0.0000,1.0
2009-07-02,20.96,21.4,20.77,20.81,13.3076744695752,4595800,0.0000,1.0
2009-07-01,21.25,21.57,21.04,21.4,13.6849703819755,11978800,0.0000,1.0
2009-06-30,20.99,21.39,20.68,20.9,13.3652280833312,97592100,0.0000,1.0
2009-06-29,21.38,21.69,20.99,21.2,13.5570734625178,12793300,0.0000,1.0
2009-06-26,21.82,21.82,20.95,21.35,13.6529961521111,34258600,0.0000,1.0
2009-06-25,21.32,21.96,20.97,21.9,14.0047126806198,13289700,0.0000,1.0
2009-06-24,20.99,21.35,20.79,20.96,13.4035971591685,10520000,0.0000,1.0
2009-06-23,20.57,20.95,20.43,20.6,13.1733827041446,8702600,0.0000,1.0
2009-06-22,21.36,21.53,20.53,20.53,13.1286187823344,6891200,0.0000,1.0
2009-06-19,21.62,21.9,21.4,21.7,13.8768157611621,9712300,0.0000,1.0
2009-06-18,21.39,21.52,21.07,21.32,13.6338116141924,6311800,0.0000,1.0
2009-06-17,21.71,21.92,21.21,21.49,13.7425239957315,6962400,0.0000,1.0
2009-06-16,22.48,22.55,21.57,21.81,13.9471590668638,8066800,0.0000,1.0
2009-06-15,22.64,22.86,22.06,22.33,14.2796910574539,6903900,0.0000,1.0
2009-06-12,22.74,23.06,22.44,23.06,14.7465148134745,6070500,0.0000,1.0
2009-06-11,22.58,23.12,22.44,22.87,14.6250127399897,6879900,0.0000,1.0
2009-06-10,22.96,23.23,22.03,22.42,14.3372446712098,9624700,0.0000,1.0
2009-06-09,22.75,23.2,22.47,22.83,14.5994333560981,7843700,0.0000,1.0
2009-06-08,22.43,23.0,22.12,22.77,14.5610642802608,7120300,0.0000,1.0
2009-06-05,22.65,23.04,22.34,22.78,14.5674591262337,12735000,0.0000,1.0
2009-06-04,20.92,22.36,20.92,22.01,14.0750559863215,12609700,0.0000,1.0
2009-06-03,21.31,21.59,20.76,21.11,13.4995198487618,8806300,0.0000,1.0
2009-06-02,21.74,21.99,21.13,21.51,13.7553136876772,6399500,0.0000,1.0
2009-06-01,20.81,22.17,20.51,21.67,13.8576312232434,9972800,0.0000,1.0
2009-05-29,20.41,20.41,19.5175,20.23,12.9367734031479,10189700,0.0000,1.0
2009-05-28,20.59,20.8,19.6,20.25,12.9495630950936,7773400,0.0000,1.0
2009-05-27,21.29,21.49,20.33,20.45,13.0774600145513,6419600,0.0000,1.0
2009-05-26,20.92,21.68,20.78,21.26,13.5954425383551,8789000,0.0000,1.0
2009-05-22,21.17,21.71,20.83,21.15,13.5250992326533,3266400,0.0000,1.0
2009-05-21,21.52,21.6599,20.63,21.07,13.4739404648703,4845300,0.0000,1.0
2009-05-20,22.35,22.98,21.71,21.86,13.9791332967282,4797500,0.0000,1.0
2009-05-19,21.81,22.32,21.44,22.07,14.1134250621588,4755500,0.0000,1.0
2009-05-18,20.69,21.88,20.62,21.79,13.934369374918,5723000,0.0000,1.0
2009-05-15,20.31,21.27,20.28,20.55,13.1414084742802,6480700,0.0000,1.0
2009-05-14,20.01,20.73,19.86,20.4,13.0454857846869,4804800,0.0000,1.0
2009-05-13,20.82,20.87,19.54,20.11,12.8600352514732,9460200,0.0000,1.0
2009-05-12,22.46,22.46,20.57,21.37,13.6657858440568,6200700,0.1800,1.0
2009-05-11,22.81,23.17,22.12,22.36,14.1794418316989,6868400,0.0000,1.0
2009-05-08,22.24,23.38,22.24,23.25,14.7438292749105,7341900,0.0000,1.0
2009-05-07,23.88,24.02,21.38,21.69,13.7545658913036,8748300,0.0000,1.0
2009-05-06,23.58,23.67,22.19,23.55,14.9340722332964,9602800,0.0000,1.0
2009-05-05,23.15,23.35,22.57,23.23,14.7311464110181,6442100,0.0000,1.0
2009-05-04,21.8,23.25,21.49,23.19,14.7057806832333,8748000,0.0000,1.0
2009-05-01,21.73,22.33,21.41,21.9,13.8877359621738,7973900,0.0000,1.0
2009-04-30,22.41,23.14,21.501,21.77,13.8052973468732,8790700,0.0000,1.0
2009-04-29,20.82,22.27,20.82,21.96,13.9257845538509,10524500,0.0000,1.0
2009-04-28,21.07,21.25,20.38,20.54,13.0253012174908,10019200,0.0000,1.0
2009-04-27,21.29,22.19,21.03,21.24,13.4692014537247,7835600,0.0000,1.0
2009-04-24,20.04,22.11,20.04,21.86,13.862370234389,13947900,0.0000,1.0
2009-04-23,19.38,20.11,18.93,20.06,12.7209124840733,10291500,0.0000,1.0
2009-04-22,18.09,19.95,17.79,19.35,12.2706708158933,23034600,0.0000,1.0
2009-04-21,15.64,16.88,15.64,16.73,10.6092156459894,6836700,0.0000,1.0
2009-04-20,16.96,17.09,15.95,16.06,10.1843397055941,7225600,0.0000,1.0
2009-04-17,17.18,17.63,16.8,17.35,11.0023844266536,6778400,0.0000,1.0
2009-04-16,16.15,17.28,15.97,16.94,10.7423857168595,8974400,0.0000,1.0
2009-04-15,15.85,16.21,15.83,16.19,10.2667783208947,4560500,0.0000,1.0
2009-04-14,16.47,16.58,15.78,15.92,10.0955596583473,5868400,0.0000,1.0
2009-04-13,16.47,16.6818,15.96,16.53,10.4823870070654,4957000,0.0000,1.0
2009-04-09,15.75,16.696,15.75,16.62,10.5394598945812,7655300,0.0000,1.0
2009-04-08,15.47,15.48,15.11,15.41,9.77214662909122,4887500,0.0000,1.0
2009-04-07,16.0,16.0,15.25,15.31,9.70873230962924,8508400,0.0000,1.0
2009-04-06,16.45,16.5,15.81,16.3,10.3365340723028,9227900,0.0000,1.0
2009-04-03,16.09,16.6,15.61,16.54,10.4887284390116,11878900,0.0000,1.0
2009-04-02,14.94,16.56,14.66,16.0,10.1462911139169,16615400,0.0000,1.0
2009-04-01,13.68,14.74,13.65,14.52,9.20775918587959,21321500,0.0000,1.0
2009-03-31,13.41,14.2,13.25,13.8,8.75117608575333,20193100,0.0000,1.0
2009-03-30,14.57,14.79,13.75,13.98,8.86532186078489,4205000,0.0000,1.0
2009-03-27,15.3,15.35,14.84,14.95,9.4804407595661,3597700,0.0000,1.0
2009-03-26,15.07,15.71,14.9775,15.6,9.89263383606898,5479700,0.0000,1.0
2009-03-25,15.14,15.76,14.32,14.91,9.45507503178131,7019000,0.0000,1.0
2009-03-24,15.07,15.2799,14.61,14.95,9.4804407595661,5184000,0.0000,1.0
2009-03-23,14.31,15.27,14.31,15.27,9.68336658184444,6569800,0.0000,1.0
2009-03-20,14.89,14.97,13.87,13.91,8.82093183716151,9037300,0.0000,1.0
2009-03-19,14.85,15.0,14.4,14.78,9.37263641648074,5613700,0.0000,1.0
2009-03-18,14.18,14.7905,13.58,14.62,9.27117350534157,6975000,0.0000,1.0
2009-03-17,13.98,14.1,13.23,14.09,8.93507761219307,9129500,0.0000,1.0
2009-03-16,14.11,14.29,13.85,13.93,8.8336147010539,6001400,0.0000,1.0
2009-03-13,14.05,14.18,13.59,13.87,8.79556610937671,4573100,0.0000,1.0
2009-03-12,13.99,13.99,13.41,13.93,8.8336147010539,7261400,0.0000,1.0
2009-03-11,13.71,14.17,13.4,13.99,8.87166329273109,8632200,0.0000,1.0
2009-03-10,12.49,13.41,12.4,13.4,8.4975188079054,7128600,0.0000,1.0
2009-03-09,11.65,12.59,11.56,12.18,7.72386411046924,9778700,0.0000,1.0
2009-03-06,12.28,12.64,11.46,11.84,7.50825542429851,8695800,0.0000,1.0
2009-03-05,12.83,13.3,12.03,12.16,7.71118124657685,8001100,0.0000,1.0
2009-03-04,13.02,13.53,12.9,13.31,8.44044592038962,7949100,0.0000,1.0
2009-03-03,13.24,13.5,12.26,12.66,8.02825284388675,11148400,0.0000,1.0
2009-03-02,13.94,14.0,12.96,12.99,8.23752009811128,6906000,0.0000,1.0
2009-02-27,14.26,14.77,14.16,14.18,8.99215049970885,7287800,0.0000,1.0
2009-02-26,15.12,15.44,14.6,14.64,9.28385636923396,5108200,0.0000,1.0
2009-02-25,15.24,15.53,14.73,14.87,9.42970930399652,6642800,0.0000,1.0
2009-02-24,14.84,15.64,14.64,15.54,9.85458524439179,6388000,0.0000,1.0
2009-02-23,16.01,16.1,14.67,14.71,9.32824639285735,6202600,0.0000,1.0
2009-02-20,15.7,16.17,15.35,15.83,10.0384867708315,9429000,0.0000,1.0
2009-02-19,16.81,17.08,15.92,16.05,10.1779982736479,6328900,0.0000,1.0
2009-02-18,16.48,16.98,16.2204,16.59,10.5204355987426,8250900,0.0000,1.0
2009-02-17,16.64,16.91,16.24,16.3,10.3365340723028,8038400,0.0000,1.0
2009-02-13,17.0,17.92,16.8,17.39,11.0277501544384,6823700,0.0000,1.0
2009-02-12,17.41,17.43,16.26,16.99,10.7740928765905,6682000,0.0000,1.0
2009-02-11,17.17,17.93,16.61,17.55,11.1292130655776,12392900,0.1800,1.0
2009-02-10,16.78,17.08,15.34,15.59,9.7859239533195,7769400,0.0000,1.0
2009-02-09,16.46,17.06,16.37,16.99,10.6647112230211,5759900,0.0000,1.0
2009-02-06,16.1,16.7,16.03,16.44,10.3194733670669,8927800,0.0000,1.0
2009-02-05,16.05,16.35,15.3,16.1,10.1060536015679,7821600,0.0000,1.0
2009-02-04,16.4,16.85,16.12,16.19,10.1625470689059,7708400,0.0000,1.0
2009-02-03,16.11,16.23,15.78,16.09,10.0997765496415,5404200,0.0000,1.0
2009-02-02,16.08,16.25,15.7,15.92,9.99306666689201,5376900,0.0000,1.0
2009-01-30,16.89,16.98,16.12,16.21,10.1751011727588,6279600,0.0000,1.0
2009-01-29,17.58,17.58,16.55,16.73,10.5015078729336,6004900,0.0000,1.0
2009-01-28,17.25,18.25,17.17,17.78,11.1605983252098,8990400,0.0000,1.0
2009-01-27,16.72,17.2,16.54,16.89,10.6019407037567,6448400,0.0000,1.0
2009-01-26,16.68,17.18,16.28,16.61,10.4261832498164,5145900,0.0000,1.0
2009-01-23,16.11,16.97,16.06,16.68,10.4701226133014,7577600,0.0000,1.0
2009-01-22,16.78,17.1,16.12,16.62,10.4324603017428,7295400,0.0000,1.0
2009-01-21,17.55,17.55,16.76,17.05,10.7023735345797,9613300,0.0000,1.0
2009-01-20,18.0,18.0,17.15,17.22,10.8090834173292,6027800,0.0000,1.0
2009-01-16,18.29,18.36,17.31,18.0,11.2986934675915,5419200,0.0000,1.0
2009-01-15,17.44,18.14,16.88,17.92,11.24847705218,8335600,0.0000,1.0
2009-01-14,17.96,18.15,17.31,17.5,10.9848408712695,5664500,0.0000,1.0
2009-01-13,18.28,18.7,17.94,18.21,11.4305115580467,6295600,0.0000,1.0
2009-01-12,19.52,19.88,18.3,18.42,11.5623296485019,8640800,0.0000,1.0
2009-01-09,20.01,20.2,19.25,20.02,12.5666579567323,6198100,0.0000,1.0
2009-01-08,19.12,20.19,19.01,19.93,12.5101644893943,5828100,0.0000,1.0
2009-01-07,19.02,19.79,18.9,19.41,12.1837577892195,7571300,0.0000,1.0
2009-01-06,19.03,19.32,18.45,18.96,11.9012904525297,7551600,0.0000,1.0
2009-01-05,18.75,19.2,18.4,18.88,11.8510740371182,4008400,0.0000,1.0
2009-01-02,17.72,18.91,17.38,18.82,11.8134117255595,4220900,0.0000,1.0
2008-12-31,17.11,17.87,17.01,17.35,10.8906850923729,4171900,0.0000,1.0
2008-12-30,16.14,17.09,16.14,17.09,10.7274817422855,3801300,0.0000,1.0
2008-12-29,16.6,16.6,15.88,16.24,10.1939323285381,3857400,0.0000,1.0
2008-12-26,16.33,16.71,16.31,16.66,10.4575685094486,1916400,0.0000,1.0
2008-12-24,16.12,16.4,15.95,16.3,10.2315946400967,1093700,0.0000,1.0
2008-12-23,15.95,16.37,15.77,15.99,10.0370060303771,5283400,0.0000,1.0
2008-12-22,16.51,16.51,15.71,16.04,10.0683912900093,6100900,0.0000,1.0
2008-12-19,16.46,16.53,15.8,16.33,10.250425795876,7292500,0.0000,1.0
2008-12-18,15.9,16.36,15.25,15.59,9.7859239533195,7769400,0.0000,1.0
2008-12-17,15.58,16.6,15.45,16.35,10.2629798997289,4383300,0.0000,1.0
2008-12-16,15.35,15.96,14.88,15.89,9.9742355111127,6112700,0.0000,1.0
2008-12-15,15.85,15.91,14.86,15.14,9.50345661662972,4141200,0.0000,1.0
2008-12-12,14.94,15.77,14.43,15.63,9.81103216102526,6354000,0.0000,1.0
2008-12-11,16.54,16.55,15.05,15.31,9.61016649937919,5856300,0.0000,1.0
2008-12-10,16.32,17.03,16.21,16.67,10.463845561375,4758400,0.0000,1.0
2008-12-09,16.05,16.94,15.69,16.14,10.1311618092737,5569100,0.0000,1.0
2008-12-08,15.95,16.89,15.95,16.28,10.2190405362438,7711500,0.0000,1.0
2008-12-05,14.32,15.53,14.25,15.44,9.69176817442291,4449400,0.0000,1.0
2008-12-04,14.95,15.62,14.25,14.6,9.16449581260197,4246100,0.0000,1.0
2008-12-03,14.59,15.26,14.25,15.19,9.53484187626192,6978500,0.0000,1.0
2008-12-02,14.84,15.08,14.22,14.96,9.3904696819538,7751600,0.0000,1.0
2008-12-01,15.2,15.28,14.52,14.52,9.11427939719045,8053300,0.0000,1.0
2008-11-28,14.9,16.04,14.74,15.68,9.84241742065746,2679000,0.0000,1.0
2008-11-26,13.54,14.89,13.28,14.8,9.29003685113077,5088800,0.0000,1.0
2008-11-25,14.25,14.71,13.195,13.86,8.69999397004544,5641800,0.0000,1.0
2008-11-24,13.4,14.39,13.15,14.11,8.85692026820643,7267300,0.0000,1.0
2008-11-21,12.77,12.89,11.75,12.84,8.05973467354858,9151300,0.0000,1.0
2008-11-20,13.81,13.83,11.97,12.08,7.58267872713917,11375900,0.0000,1.0
2008-11-19,14.92,15.25,13.71,13.77,8.64350050270748,4610400,0.0000,1.0
2008-11-18,15.17,15.51,14.37,15.01,9.421854941586,6016300,0.0000,1.0
2008-11-17,15.0,15.905,14.74,15.05,9.44696314929176,6773600,0.0000,1.0
2008-11-14,15.9,16.24,14.73,15.11,9.4846254608504,5779400,0.0000,1.0
2008-11-13,14.94,16.28,14.181,16.28,10.2190405362438,6803400,0.0000,1.0
2008-11-12,15.75,15.84,14.75,14.85,9.32142211076297,6361100,0.1800,1.0
2008-11-11,16.58,16.67,15.56,16.02,9.93540799829825,5653000,0.0000,1.0
2008-11-10,18.1,18.25,16.67,16.91,10.4873751093148,4273800,0.0000,1.0
2008-11-07,16.51,17.17,16.2,17.0,10.5431920081817,4069300,0.0000,1.0
2008-11-06,17.75,17.96,16.09,16.2,10.0470417960319,6455300,0.0000,1.0
2008-11-05,18.43,19.22,17.67,17.91,11.107562874502,3991200,0.0000,1.0
2008-11-04,18.27,18.8,17.57,18.72,11.6099149643036,6059500,0.0000,1.0
2008-11-03,18.45,18.8,17.7,17.82,11.0517459756351,4202700,0.0000,1.0
2008-10-31,18.19,19.1,17.95,18.45,11.442464267703,6851300,0.0000,1.0
2008-10-30,17.72,18.49,17.56,18.21,11.2936192040581,8852200,0.0000,1.0
2008-10-29,17.84,17.95,16.98,17.02,10.5555957634854,7077400,0.0000,1.0
2008-10-28,16.52,17.95,15.54,17.95,11.1323703851095,7966100,0.0000,1.0
2008-10-27,16.7,17.21,15.99,16.01,9.92920612064638,6319400,0.0000,1.0
2008-10-24,16.5,17.63,15.91,17.07,10.5866051517448,6124500,0.0000,1.0
2008-10-23,19.27,19.5,17.35,18.14,11.250206060495,10296000,0.0000,1.0
2008-10-22,19.74,19.87,18.2,18.78,11.6471262302148,7036400,0.0000,1.0
2008-10-21,20.17,20.852,19.78,20.21,12.5339947344324,4742300,0.0000,1.0
2008-10-20,20.87,21.23,19.88,20.52,12.7262529416405,4923600,0.0000,1.0
2008-10-17,19.73,21.54,18.54,20.57,12.7572623298998,10043100,0.0000,1.0
2008-10-16,19.56,20.4,17.95,19.52,12.1060651764533,10816400,0.0000,1.0
2008-10-15,21.55,22.15,19.36,19.48,12.0812576658458,7690100,0.0000,1.0
2008-10-14,23.24,27.35,21.83,22.2,13.7681683871549,12853700,0.0000,1.0
2008-10-13,21.1,23.42,21.1,23.3,14.4503749288608,6772900,0.0000,1.0
2008-10-10,20.25,21.71,17.86,20.17,12.509187223825,15926900,0.0000,1.0
2008-10-09,24.76,24.76,20.92,20.96,12.9991355583228,7516600,0.0000,1.0
2008-10-08,23.52,24.85,22.69,24.18,14.9961401622254,9518500,0.0000,1.0
2008-10-07,26.56,27.0,23.96,24.01,14.8907082421436,5565300,0.0000,1.0
2008-10-06,26.65,26.84,24.04,25.98,16.1124781395623,7843900,0.0000,1.0
2008-10-03,28.1,29.16,27.23,27.38,16.9807410108243,7029400,0.0000,1.0
2008-10-02,29.29,29.29,27.39,27.55,17.0861729309062,6951100,0.0000,1.0
2008-10-01,30.48,30.6,29.25,29.46,18.2707315624136,6658700,0.0000,1.0
2008-09-30,30.01,31.35,29.86,31.17,19.3312526408837,6128600,0.0000,1.0
2008-09-29,31.52,31.64,29.18,29.86,18.5188066684885,6892600,0.0000,1.0
2008-09-26,31.88,32.22,31.22,32.02,19.8584122412928,3432100,0.0000,1.0
2008-09-25,32.99,33.16,32.28,32.49,20.1499004909307,3836000,0.0000,1.0
2008-09-24,32.81,32.92,31.72,32.63,20.2367267780569,4369900,0.0000,1.0
2008-09-23,34.1,34.61,32.38,32.61,20.2243230227532,4529400,0.0000,1.0
2008-09-22,35.95,36.15,34.0,34.09,21.1422009152302,3259400,0.0000,1.0
2008-09-19,37.07,38.07,32.55,36.43,22.5934402857681,8328100,0.0000,1.0
2008-09-18,33.21,34.67,31.27,34.54,21.4212854095644,7086100,0.0000,1.0
2008-09-17,33.43,33.91,32.31,32.36,20.0692760814564,7261300,0.0000,1.0
2008-09-16,33.49,34.73,33.09,34.14,21.1732103034895,6275700,0.0000,1.0
2008-09-15,34.89,35.38,34.02,34.18,21.198017814097,4893600,0.0000,1.0
2008-09-12,35.03,35.95,34.72,35.95,22.2957501584783,4742800,0.0000,1.0
2008-09-11,34.77,35.52,33.91,35.37,21.9360412546697,4012500,0.0000,1.0
2008-09-10,34.43,35.41,34.25,35.01,21.7127736592024,5327300,0.0000,1.0
2008-09-09,36.09,36.26,34.07,34.07,21.1297971599264,6154300,0.0000,1.0
2008-09-08,36.88,36.93,35.63,35.91,22.2709426478708,4166500,0.0000,1.0
2008-09-05,35.03,35.65,34.62,35.48,22.0042619088403,3687200,0.0000,1.0
2008-09-04,36.25,36.31,34.75,35.24,21.8554168451954,7662300,0.0000,1.0
2008-09-03,36.51,36.91,36.22,36.57,22.6802665728943,5008100,0.0000,1.0
2008-09-02,37.32,37.73,36.05,36.51,22.6430553069831,5254200,0.0000,1.0
2008-08-29,37.55,37.71,36.93,36.93,22.9035341683617,2433600,0.0000,1.0
2008-08-28,36.98,37.75,36.97,37.49,23.2508393168665,3426000,0.0000,1.0
2008-08-27,36.45,36.904,36.35,36.82,22.8353135141911,2605900,0.0000,1.0
2008-08-26,36.8,36.93,36.05,36.33,22.5314215092494,3015000,0.0000,1.0
2008-08-25,37.95,37.97,36.48,36.76,22.7981022482799,3534100,0.0000,1.0
2008-08-22,38.5,38.52,37.74,37.96,23.5423275665045,3264200,0.0000,1.0
2008-08-21,37.76,38.41,37.55,38.26,23.7283838960606,3931700,0.0000,1.0
2008-08-20,38.2,38.48,37.32,38.15,23.66016324189,3290100,0.0000,1.0
2008-08-19,38.92,39.15,37.81,38.0,23.567135077112,4302100,0.0000,1.0
2008-08-18,40.39,40.77,38.72,39.25,24.3423697835959,4695100,0.0000,1.0
2008-08-15,39.69,41.14,39.69,40.17,24.9129425275681,5023000,0.0000,1.0
2008-08-14,38.82,39.495,38.31,39.4,24.435397948374,4073800,0.0000,1.0
2008-08-13,39.41,39.41,38.36,39.06,24.2245341082103,4032100,0.1800,1.0
2008-08-12,39.94,40.22,39.48,39.67,24.4899915410985,3190800,0.0000,1.0
2008-08-11,39.31,40.34,38.83,40.11,24.7616224026584,5217800,0.0000,1.0
2008-08-08,37.21,39.7,37.0101,39.38,24.3109621096158,6895300,0.0000,1.0
2008-08-07,37.74,37.84,37.1,37.25,22.9960218025187,4091900,0.0000,1.0
2008-08-06,36.58,38.57,36.58,38.22,23.594844383685,5052000,0.0000,1.0
2008-08-05,36.65,37.05,36.55,36.69,22.650309796897,4041300,0.0000,1.0
2008-08-04,36.8,37.33,36.16,36.38,22.4589335080706,2983600,0.0000,1.0
2008-08-01,38.07,38.52,36.85,36.92,22.7922986563488,11579600,0.0000,1.0
2008-07-31,36.66,37.53,35.83,36.0,22.2243432185416,5463700,0.0000,1.0
2008-07-30,37.14,37.61,36.46,36.97,22.8231657997079,3673100,0.0000,1.0
2008-07-29,35.75,36.99,35.7,36.94,22.8046455136924,2925200,0.0000,1.0
2008-07-28,36.24,36.7,35.74,35.74,22.0638340730744,2696500,0.0000,1.0
2008-07-25,36.94,37.01,36.01,36.3,22.4095460786961,2615500,0.0000,1.0
2008-07-24,37.2,37.57,35.82,36.22,22.3601586493216,4874000,0.0000,1.0
2008-07-23,36.08,37.13,35.7,37.11,22.9095938011133,4628700,0.0000,1.0
2008-07-22,36.05,36.2,35.4,36.1,22.2860775052598,5932800,0.0000,1.0
2008-07-21,36.0,36.18,35.65,36.15,22.3169446486189,3073900,0.0000,1.0
2008-07-18,37.0,37.31,35.9,36.0,22.2243432185416,3891000,0.0000,1.0
2008-07-17,35.0,36.94,35.0,36.81,22.7243909409588,5337600,0.0000,1.0
2008-07-16,34.25,35.19,33.9,35.13,21.6872549240935,6320200,0.0000,1.0
2008-07-15,34.8,35.0,33.56,34.46,21.2736352030818,6384800,0.0000,1.0
2008-07-14,35.07,35.23,34.32,35.01,21.6131737800317,3806000,0.0000,1.0
2008-07-11,35.07,35.45,34.16,34.73,21.4403177772208,3897700,0.0000,1.0
2008-07-10,35.57,35.83,34.78,35.41,21.8601109269044,5042300,0.0000,1.0
2008-07-09,36.64,38.19,35.5,35.5,21.9156717849507,6065500,0.0000,1.0
2008-07-08,36.57,37.23,35.56,36.53,22.5515349381479,9686400,0.0000,1.0
2008-07-07,37.15,37.53,36.37,36.85,22.7490846556461,5964200,0.0000,1.0
2008-07-03,35.85,37.16,35.85,36.65,22.6256160822097,3369200,0.0000,1.0
2008-07-02,36.95,37.14,35.57,35.62,21.9897529290125,7814800,0.0000,1.0
2008-07-01,37.0,37.04,36.08,37.04,22.8663798004106,7581700,0.0000,1.0
2008-06-30,36.88,37.71,36.62,37.43,23.1071435186114,4692400,0.0000,1.0
2008-06-27,37.13,37.61,36.54,36.87,22.7614315129897,6713900,0.0000,1.0
2008-06-26,38.13,38.93,36.95,37.07,22.884900086426,7208800,0.0000,1.0
2008-06-25,38.89,39.12,38.2,38.27,23.6257115270441,6930400,0.0000,1.0
2008-06-24,39.01,39.52,38.66,38.81,23.9590766753222,5295400,0.0000,1.0
2008-06-23,39.21,39.46,38.77,39.39,24.3171355382876,5053600,0.0000,1.0
2008-06-20,39.33,39.33,38.71,38.94,24.0393312480558,2216300,0.0000,1.0
2008-06-19,38.5,39.66,38.32,39.38,24.3109621096158,1319900,0.0000,1.0
2008-06-18,38.89,38.89,38.21,38.56,23.8047409585268,6641300,0.0000,1.0
2008-06-17,39.5,39.72,38.88,38.94,24.0393312480558,6462600,0.0000,1.0
2008-06-16,40.37,40.37,39.33,39.51,24.3912166823494,4066100,0.0000,1.0
2008-06-13,38.98,40.24,38.7,39.76,24.5455523991448,5816700,0.0000,1.0
2008-06-12,38.65,39.64,38.41,38.65,23.8603018165731,6210900,0.0000,1.0
2008-06-11,39.99,40.02,38.07,38.07,23.5022429536077,11085300,0.0000,1.0
2008-06-10,39.5,40.6,39.49,39.97,24.675194401253,8637400,0.0000,1.0
2008-06-09,42.57,42.57,39.25,39.58,24.4344306830521,20957900,0.0000,1.0
2008-06-06,44.23,44.46,42.45,42.7,26.3605404286591,6004900,0.0000,1.0
2008-06-05,43.6,44.02,42.97,43.83,27.0581378685744,4003300,0.0000,1.0
2008-06-04,43.31,43.82,42.99,43.2,26.6692118622499,2805200,0.0000,1.0
2008-06-03,43.65,44.2,43.13,43.52,26.8667615797481,4743400,0.0000,1.0
2008-06-02,43.95,43.99,43.01,43.4,26.7926804356863,3599500,0.0000,1.0
2008-05-30,43.94,44.41,43.64,44.04,27.1877798706826,3438700,0.0000,1.0
2008-05-29,43.9,44.12,43.07,43.81,27.0457910112308,3422800,0.0000,1.0
2008-05-28,43.5,44.0,43.11,43.92,27.1136987266207,3378800,0.0000,1.0
2008-05-27,42.87,43.26,42.32,43.12,26.6198244328754,3440300,0.0000,1.0
2008-05-23,43.15,43.15,42.11,42.77,26.4037544293618,3439800,0.0000,1.0
2008-05-22,44.0,44.2,43.08,43.27,26.7124258629526,3178500,0.0000,1.0
2008-05-21,44.48,45.11,43.76,43.91,27.1075252979489,3486000,0.0000,1.0
2008-05-20,45.87,45.87,44.39,44.7,27.5952261630225,4360000,0.0000,1.0
2008-05-19,46.0,46.66,45.67,45.97,28.3792516043433,4668900,0.0000,1.0
2008-05-16,45.57,45.92,45.11,45.85,28.3051704602815,4095900,0.0000,1.0
2008-05-15,44.37,44.87,44.06,44.74,27.6199198777098,2756900,0.0000,1.0
2008-05-14,44.36,45.09,44.21,44.43,27.4285435888834,3304200,0.0000,1.0
2008-05-13,44.05,44.54,43.68,44.43,27.4285435888834,3726900,0.1800,1.0
2008-05-12,42.56,44.11,42.35,43.86,26.9674046583373,3450600,0.0000,1.0
2008-05-09,42.52,42.79,42.1,42.52,26.1435031024282,3163000,0.0000,1.0
2008-05-08,43.22,43.31,42.5,42.83,26.3341071937206,3773100,0.0000,1.0
2008-05-07,43.72,44.09,42.88,42.98,26.4263349798298,4911800,0.0000,1.0
2008-05-06,43.77,43.91,43.12,43.76,26.9059194675978,3792400,0.0000,1.0
2008-05-05,43.66,44.47,43.25,44.06,27.0903750398163,3834300,0.0000,1.0
2008-05-02,45.46,45.86,44.5,44.99,27.6621873136935,2704500,0.0000,1.0
2008-05-01,44.65,45.17,43.89,44.93,27.6252961992498,4003000,0.0000,1.0
2008-04-30,43.25,45.49,42.56,44.38,27.2871276501826,10532700,0.0000,1.0
2008-04-29,43.55,44.11,42.43,42.56,26.168097178724,5474400,0.0000,1.0
2008-04-28,43.1,44.18,43.1,43.81,26.9366620629676,4885500,0.0000,1.0
2008-04-25,43.0,43.57,42.41,43.1,26.5001172087172,4692300,0.0000,1.0
2008-04-24,43.8,44.0,42.47,42.89,26.3709983081643,5450300,0.0000,1.0
2008-04-23,44.75,44.9,43.24,43.59,26.8013946433407,5619700,0.0000,1.0
2008-04-22,46.0,46.0,44.47,44.87,27.5884050848061,2391500,0.0000,1.0
2008-04-21,45.68,46.08,45.3,45.93,28.2401481066446,2661000,0.0000,1.0
2008-04-18,45.9,46.65,45.63,45.9,28.2217025494228,3256300,0.0000,1.0
2008-04-17,45.42,45.42,44.39,45.13,27.7482665807287,4145900,0.0000,1.0
2008-04-16,44.15,45.76,44.02,45.64,28.0618410535001,3750300,0.0000,1.0
2008-04-15,43.59,43.77,42.72,43.56,26.7829490861188,3765200,0.0000,1.0
2008-04-14,43.4,43.644,42.92,43.16,26.5370083231609,2425400,0.0000,1.0
2008-04-11,43.8,43.8,42.92,43.24,26.5861964757525,3998100,0.0000,1.0
2008-04-10,43.95,44.61,43.44,44.42,27.3117217264784,3458200,0.0000,1.0
2008-04-09,45.09,45.19,43.81,44.19,27.1703057877776,3507600,0.0000,1.0
2008-04-08,45.55,45.55,44.56,44.89,27.600702122954,4444300,0.0000,1.0
2008-04-07,46.84,46.84,45.55,45.78,28.1479203205354,5194700,0.0000,1.0
2008-04-04,45.81,46.74,45.39,46.58,28.6398018464512,4907700,0.0000,1.0
2008-04-03,45.5,45.96,45.432,45.66,28.074138091648,4331500,0.0000,1.0
2008-04-02,46.51,46.78,45.54,45.86,28.197108473127,4998900,0.0000,1.0
2008-04-01,44.99,46.48,44.68,46.48,28.5783166557118,4152100,0.0000,1.0
2008-03-31,43.88,44.8,43.735,44.58,27.4100980316616,4836800,0.0000,1.0
2008-03-28,43.79,44.21,43.35,43.82,26.9428105820415,3731300,0.0000,1.0
2008-03-27,44.27,44.44,42.95,43.5,26.7460579716752,4840800,0.0000,1.0
2008-03-26,45.0,45.0,43.65,44.24,27.2010483831473,3514300,0.0000,1.0
2008-03-25,43.93,45.25,43.71,45.07,27.711375466285,4393300,0.0000,1.0
2008-03-24,43.05,44.13,43.05,43.99,27.0473354062986,3163000,0.0000,1.0
2008-03-20,42.565,43.19,41.95,43.01,26.4447805370517,5216700,0.0000,1.0
2008-03-19,44.48,44.8,42.46,42.5,26.1312060642803,5219500,0.0000,1.0
2008-03-18,44.6,44.6,43.03,44.49,27.354761359996,4977700,0.0000,1.0
2008-03-17,42.04,43.57,41.6,43.0,26.4386320179777,6496300,0.0000,1.0
2008-03-14,44.51,44.73,42.35,43.15,26.530859804087,6432100,0.0000,1.0
2008-03-13,43.19,44.46,42.33,44.28,27.2256424594431,4574600,0.0000,1.0
2008-03-12,43.5,44.5,43.34,43.72,26.881325391302,5172200,0.0000,1.0
2008-03-11,42.07,43.08,41.65,43.08,26.4878201705693,6196000,0.0000,1.0
2008-03-10,42.9,42.95,41.13,41.22,25.3441956228149,6024600,0.0000,1.0
2008-03-07,42.23,43.43,41.87,42.87,26.3587012700164,7308200,0.0000,1.0
2008-03-06,42.86,43.02,42.27,42.65,26.2234338503896,5437300,0.0000,1.0
2008-03-05,42.1,43.0,41.96,42.91,26.3832953463122,7198700,0.0000,1.0
2008-03-04,42.5,42.69,41.12,42.08,25.8729682631745,7102400,0.0000,1.0
2008-03-03,42.258,42.7,41.42,42.66,26.2295823694635,8560100,0.0000,1.0
2008-02-29,42.03,42.68,41.18,41.86,25.7377008435476,8501200,0.0000,1.0
2008-02-28,42.3,43.16,42.0,43.04,26.4632260942735,7298200,0.0000,1.0
2008-02-27,40.95,43.29,40.88,42.47,26.1127605070585,7863600,0.0000,1.0
2008-02-26,40.39,41.71,39.9,41.28,25.3810867372586,8257300,0.0000,1.0
2008-02-25,39.32,40.45,38.74,40.39,24.8338685396772,6147400,0.0000,1.0
2008-02-22,39.26,39.49,38.36,39.37,24.2067195941345,2881900,0.0000,1.0
2008-02-21,39.39,39.99,38.93,39.14,24.0653036554337,3268700,0.0000,1.0
2008-02-20,39.13,39.47,38.68,39.32,24.1759769987648,5869300,0.0000,1.0
2008-02-19,39.95,40.35,39.36,39.54,24.3112444183916,4501900,0.0000,1.0
2008-02-15,39.47,39.47,38.53,39.31,24.1698284796908,7994800,0.0000,1.0
2008-02-14,40.34,40.69,39.38,39.57,24.3296899756135,11113500,0.0000,1.0
2008-02-13,39.05,39.99,38.91,39.99,24.5879277767193,7184800,0.1800,1.0
2008-02-12,37.6,39.21,37.6,38.57,23.6085729237755,10398100,0.0000,1.0
2008-02-11,37.07,37.51,36.53,37.42,22.9046616232222,7426700,0.0000,1.0
2008-02-08,37.77,38.23,37.18,37.38,22.8801777518986,5800500,0.0000,1.0
2008-02-07,38.52,38.96,37.75,38.27,23.4249438888486,5539400,0.0000,1.0
2008-02-06,38.63,39.85,38.46,38.68,23.6759035699154,6549700,0.0000,1.0
2008-02-05,38.16,38.79,37.69,38.36,23.4800325993267,5687700,0.0000,1.0
2008-02-04,39.2,39.37,38.64,39.19,23.9880729292912,4511900,0.0000,1.0
2008-02-01,39.12,39.8,37.93,39.2,23.9941938971221,9491100,0.0000,1.0
2008-01-31,38.27,39.76,37.71,39.49,24.1717019642182,10509900,0.0000,1.0
2008-01-30,39.66,39.94,38.75,39.04,23.8962584118278,7308100,0.0000,1.0
2008-01-29,39.4,40.06,39.31,39.72,24.3124842243289,9469600,0.0000,1.0
2008-01-28,38.65,39.23,37.5,39.08,23.9207422831514,4970300,0.0000,1.0
2008-01-25,39.53,39.99,38.52,38.75,23.7187503447317,5823000,0.0000,1.0
2008-01-24,39.4,39.57,38.47,38.86,23.7860809908716,6110700,0.0000,1.0
2008-01-23,36.4,39.38,35.58,39.25,24.0247987362766,9044000,0.0000,1.0
2008-01-22,34.845,38.02,34.46,37.48,22.9413874302076,6924900,0.0000,1.0
2008-01-18,37.1,38.087,36.19,37.14,22.7332745239571,4747700,0.0000,1.0
2008-01-17,39.55,40.04,36.71,36.77,22.5067987142138,6474900,0.0000,1.0
2008-01-16,39.67,40.43,38.73,39.29,24.0492826076002,5712100,0.0000,1.0
2008-01-15,39.77,40.8,39.35,39.93,24.4410245487777,4732100,0.0000,1.0
2008-01-14,40.74,41.57,40.5,41.4,25.3408068199198,4909400,0.0000,1.0
2008-01-11,40.15,41.18,39.98,40.49,24.7837987473081,8126600,0.0000,1.0
2008-01-10,39.88,40.94,39.06,40.44,24.7531939081536,7988600,0.0000,1.0
2008-01-09,39.85,40.5,38.15,39.25,24.0247987362766,12071100,0.0000,1.0
2008-01-08,41.2,41.49,39.56,39.98,24.4716293879322,12713300,0.0000,1.0
2008-01-07,42.79,43.18,40.78,41.07,25.1388148815002,9791800,0.0000,1.0
2008-01-04,43.71,44.08,42.49,42.61,26.0814439274585,7491700,0.0000,1.0
2008-01-03,44.98,45.13,44.2,44.28,27.1036455552186,4038300,0.0000,1.0
2008-01-02,46.53,46.57,44.7001,44.9,27.4831455607343,4363900,0.0000,1.0
2007-12-31,46.63,46.89,46.4,46.47,28.4441375101854,3537100,0.0000,1.0
2007-12-28,46.42,47.0,46.31,46.69,28.5787988024651,2464300,0.0000,1.0
2007-12-27,47.0,47.04,46.26,46.42,28.4135326710309,2713400,0.0000,1.0
2007-12-26,47.03,47.26,46.743,47.04,28.7930326765466,4057600,0.0000,1.0
2007-12-24,46.55,47.31,46.01,47.11,28.8358794513629,1378300,0.0000,1.0
2007-12-21,45.24,46.195,44.98,45.88,28.0830004081623,6866500,0.0000,1.0
2007-12-20,45.32,45.5,44.2,44.73,27.379089107609,5972400,0.0000,1.0
2007-12-19,44.58,45.36,44.1304,45.08,27.5933229816905,8941000,0.0000,1.0
2007-12-18,44.5,44.69,43.16,44.27,27.0975245873877,12937000,0.0000,1.0
2007-12-17,45.99,46.75,42.94,43.6,26.6874197427175,22871600,0.0000,1.0
2007-12-14,49.63,50.12,49.01,49.18,30.1029197923589,2968700,0.0000,1.0
2007-12-13,49.72,50.75,49.7,50.21,30.7333794789414,3321600,0.0000,1.0
2007-12-12,51.18,51.33,49.39,50.0,30.6048391544925,2924900,0.0000,1.0
2007-12-11,52.2,52.2,49.64,49.96,30.5803552831689,3414500,0.0000,1.0
2007-12-10,51.795,52.2,51.32,52.02,31.841274656334,1855800,0.0000,1.0
2007-12-07,51.88,52.05,50.99,51.87,31.7494601388706,2513800,0.0000,1.0
2007-12-06,51.31,51.93,51.16,51.68,31.6331617500835,2030900,0.0000,1.0
2007-12-05,51.99,51.99,51.01,51.53,31.54134723262,2370600,0.0000,1.0
2007-12-04,50.59,51.97,50.59,51.48,31.5107423934655,2334900,0.0000,1.0
2007-12-03,51.14,51.72,50.67,51.0,31.2169359375824,2147500,0.0000,1.0
2007-11-30,51.98,52.15,50.97,51.64,31.6086778787599,3725000,0.0000,1.0
2007-11-29,51.07,51.99,51.0,51.26,31.3760811011857,3514800,0.0000,1.0
2007-11-28,50.13,51.47,49.8,51.35,31.4311698116638,2684900,0.0000,1.0
2007-11-27,49.06,49.98,48.67,49.66,30.396726248242,2565500,0.0000,1.0
2007-11-26,48.61,50.11,48.33,48.72,29.8213552721375,3477600,0.0000,1.0
2007-11-23,48.26,48.78,48.03,48.7,29.8091133364757,804100,0.0000,1.0
2007-11-21,49.01,49.15,48.04,48.04,29.4051294596364,2231600,0.0000,1.0
2007-11-20,48.1,49.81,48.1,49.52,30.3110326986094,4157300,0.0000,1.0
2007-11-19,48.44,48.71,47.8,48.12,29.4540972022836,2485400,0.0000,1.0
2007-11-16,49.74,49.98,48.26,48.8,29.8703230147847,2299500,0.0000,1.0
2007-11-15,49.81,50.56,49.2,49.39,30.2314601168077,2782900,0.0000,1.0
2007-11-14,49.91,50.78,49.33,50.01,30.6109601223234,2295400,0.0000,1.0
2007-11-13,49.32,49.83,49.16,49.6,30.3600004412566,2583700,0.0000,1.0
2007-11-12,48.85,50.0,48.61,49.01,29.9988633392336,3077900,0.0000,1.0
2007-11-09,48.87,49.67,48.6,48.91,29.9376536609246,2608100,0.0000,1.0
2007-11-08,50.13,50.25,49.05,49.62,30.3722423769184,2791500,0.1800,1.0
2007-11-07,49.74,51.3,49.74,50.04,30.5186146293373,2387900,0.0000,1.0
2007-11-06,50.46,51.66,49.89,51.47,31.3907492999998,1784900,0.0000,1.0
2007-11-05,48.33,50.94,48.33,50.5,30.7991614464735,2314500,0.0000,1.0
2007-11-02,50.2,51.01,49.56,50.55,30.8296556657274,3554300,0.0000,1.0
2007-11-01,49.92,50.55,49.64,49.92,30.4454285031278,2579800,0.0000,1.0
2007-10-31,50.3,50.7,49.44,50.35,30.7076787887117,4304600,0.0000,1.0
2007-10-30,51.58,52.21,49.89,50.05,30.5247134731881,3588900,0.0000,1.0
2007-10-29,51.31,52.19,51.0,51.93,31.671296117136,1913600,0.0000,1.0
2007-10-26,50.55,51.11,50.16,50.94,31.0675105759081,3409800,0.0000,1.0
2007-10-25,50.6,51.14,49.22,49.71,30.3173527822613,3541900,0.0000,1.0
2007-10-24,50.93,51.58,50.16,50.79,30.9760279181463,3506600,0.0000,1.0
2007-10-23,50.15,51.22,48.99,51.2,31.2260805160285,2649400,0.0000,1.0
2007-10-22,48.85,50.21,48.81,49.98,30.4820215662326,2798500,0.0000,1.0
2007-10-19,51.85,51.95,49.49,49.49,30.183178217544,3429200,0.0000,1.0
2007-10-18,51.64,52.62,51.44,52.37,31.9396452465706,1963700,0.0000,1.0
2007-10-17,52.99,53.0,51.38,51.8,31.5920111470758,2215600,0.0000,1.0
2007-10-16,52.5,52.72,52.0,52.46,31.9945348412277,2231600,0.0000,1.0
2007-10-15,52.96,53.11,51.96,52.58,32.0677209674371,1979500,0.0000,1.0
2007-10-12,53.2,53.54,52.67,53.08,32.3726631599765,1887700,0.0000,1.0
2007-10-11,54.66,54.84,53.07,53.27,32.4885411931414,3283800,0.0000,1.0
2007-10-10,54.32,54.58,53.28,54.29,33.1106232659217,1959100,0.0000,1.0
2007-10-09,54.69,54.93,53.84,54.33,33.1350186413248,1822200,0.0000,1.0
2007-10-08,55.25,55.94,54.48,54.65,33.33018164455,2191600,0.0000,1.0
2007-10-05,54.25,55.73,54.18,55.55,33.8790775911208,2811200,0.0000,1.0
2007-10-04,53.85,53.93,53.37,53.84,32.8361752926363,2563400,0.0000,1.0
2007-10-03,54.03,54.15,51.79,53.35,32.5373319439477,6467500,0.0000,1.0
2007-10-02,54.92,55.01,54.1,54.29,33.1106232659217,1876700,0.0000,1.0
2007-10-01,54.19,55.0,54.0,54.89,33.4765538969689,1535900,0.0000,1.0
2007-09-28,53.77,54.78,53.4,54.47,33.2204024552358,2423700,0.0000,1.0
2007-09-27,53.45,54.85,53.0,53.98,32.9215591065473,3581900,0.0000,1.0
2007-09-26,53.79,54.34,53.15,53.35,32.5373319439477,3485100,0.0000,1.0
2007-09-25,53.36,53.79,53.07,53.64,32.7141984156205,2562200,0.0000,1.0
2007-09-24,53.8,54.25,53.52,53.76,32.78738454183,3145100,0.0000,1.0
2007-09-21,53.98,54.14,53.48,53.8,32.8117799172331,5135400,0.0000,1.0
2007-09-20,54.26,54.58,53.63,53.79,32.8056810733823,2205600,0.0000,1.0
2007-09-19,54.49,54.84,53.76,54.38,33.1655128605788,2888800,0.0000,1.0
2007-09-18,52.3,54.37,52.14,54.2,33.0557336712646,2769700,0.0000,1.0
2007-09-17,52.45,52.85,51.33,52.01,31.7200868679423,2215900,0.0000,1.0
2007-09-14,51.41,52.42,51.31,52.32,31.9091510273167,1815700,0.0000,1.0
2007-09-13,51.7,52.3,51.36,51.82,31.6042088347773,1753000,0.0000,1.0
2007-09-12,51.78,52.41,51.26,51.37,31.3297608614919,1890300,0.0000,1.0
2007-09-11,51.56,52.24,51.15,52.03,31.7322845556439,1894100,0.0000,1.0
2007-09-10,51.76,52.25,50.54,51.24,31.2504758914317,1675800,0.0000,1.0
2007-09-07,51.8,51.91,50.84,51.51,31.4151446754029,2973100,0.0000,1.0
2007-09-06,51.64,52.77,51.64,52.61,32.0860174989895,2475900,0.0000,1.0
2007-09-05,51.68,52.42,51.1,51.65,31.500528489314,3080400,0.0000,1.0
2007-09-04,51.94,52.73,51.35,52.42,31.9701394658245,2930300,0.0000,1.0
2007-08-31,51.88,52.42,51.33,51.93,31.671296117136,2120200,0.0000,1.0
2007-08-30,50.43,52.0,50.0,51.43,31.3663539245966,2301100,0.0000,1.0
2007-08-29,49.42,50.76,49.18,50.68,30.9089406357876,2159000,0.0000,1.0
2007-08-28,50.5,50.66,49.03,49.09,29.9392244635125,2469300,0.0000,1.0
2007-08-27,51.95,52.03,50.84,51.0,31.1041036390128,1508600,0.0000,1.0
2007-08-24,50.53,52.08,50.53,52.07,31.756679931047,3068500,0.0000,1.0
2007-08-23,51.5,51.53,50.25,50.51,30.8052602903243,2404700,0.0000,1.0
2007-08-22,50.21,51.71,50.0,51.26,31.2626735791333,2867300,0.0000,1.0
2007-08-21,49.1,50.61,49.1,49.96,30.469823878531,3130600,0.0000,1.0
2007-08-20,48.6,49.75,48.47,49.38,30.1160909351853,3050300,0.0000,1.0
2007-08-17,47.75,50.99,47.75,48.44,29.5427996132114,4674500,0.0000,1.0
2007-08-16,47.73,48.0,44.52,47.21,28.7926418195646,8319700,0.0000,1.0
2007-08-15,47.62,49.09,47.49,48.11,29.3415377661354,4271500,0.0000,1.0
2007-08-14,49.83,50.23,47.8,47.81,29.1585724506118,4178600,0.0000,1.0
2007-08-13,48.5,50.74,48.44,49.83,30.3905389084707,4043400,0.1800,1.0
2007-08-10,48.3,49.13,46.8,48.44,29.4364668011662,6636700,0.0000,1.0
2007-08-09,50.04,50.82,48.37,48.5,29.4729281555855,5249000,0.0000,1.0
2007-08-08,51.16,51.4,50.3,51.04,31.0164588260017,3307600,0.0000,1.0
2007-08-07,51.2,51.37,50.15,50.96,30.967843686776,3738200,0.0000,1.0
2007-08-06,50.29,51.7,49.9,51.7,31.4175337246138,4059200,0.0000,1.0
2007-08-03,51.7,51.81,50.01,50.09,30.4391540476965,3075600,0.0000,1.0
2007-08-02,50.83,51.86,50.73,51.8,31.478302648646,3209500,0.0000,1.0
2007-08-01,49.49,50.88,48.91,50.66,30.7855369146796,5550700,0.0000,1.0
2007-07-31,51.98,52.36,50.08,50.32,30.5789225729704,5373500,0.0000,1.0
2007-07-30,52.35,52.35,49.77,51.77,31.4600719714363,8432300,0.0000,1.0
2007-07-27,49.69,50.89,47.16,48.14,29.2541600290698,7064500,0.0000,1.0
2007-07-26,51.65,52.0,49.42,50.69,30.8037675918893,5093300,0.0000,1.0
2007-07-25,53.2,53.3,50.87,51.93,31.5573022498877,4494400,0.0000,1.0
2007-07-24,54.32,54.65,52.82,53.0,32.2075297370316,2983300,0.0000,1.0
2007-07-23,55.05,55.42,54.63,54.81,33.3074472620132,1966800,0.0000,1.0
2007-07-20,55.2,55.24,54.52,54.67,33.2223707683682,2801400,0.0000,1.0
2007-07-19,56.1,56.25,55.7,55.7,33.8482906858992,2386100,0.0000,1.0
2007-07-18,55.46,56.25,55.31,55.99,34.0245205655924,2454200,0.0000,1.0
2007-07-17,56.66,56.66,55.31,55.81,33.9151365023346,2375400,0.0000,1.0
2007-07-16,55.2,56.22,55.01,55.88,33.9576747491571,2136900,0.0000,1.0
2007-07-13,55.35,55.88,54.95,55.2,33.5444460657386,2126500,0.0000,1.0
2007-07-12,54.87,55.48,54.73,55.44,33.6902914834157,2702500,0.0000,1.0
2007-07-11,54.54,55.53,54.5,54.73,33.2588321227875,2547300,0.0000,1.0
2007-07-10,54.95,55.52,54.65,54.81,33.3074472620132,3753400,0.0000,1.0
2007-07-09,54.9,55.61,54.86,55.46,33.7024452682221,2359500,0.0000,1.0
2007-07-06,55.38,55.84,54.8,54.89,33.3560624012389,3238100,0.0000,1.0
2007-07-05,55.42,55.72,54.84,55.14,33.5079847113193,2147500,0.0000,1.0
2007-07-03,55.52,55.88,55.23,55.75,33.8786751479153,1302500,0.0000,1.0
2007-07-02,54.92,55.68,54.82,55.58,33.7753679770607,2651900,0.0000,1.0
2007-06-29,54.83,55.43,54.41,54.82,33.3135241544164,2623000,0.0000,1.0
2007-06-28,54.5,55.34,54.21,54.76,33.2770627999972,2146500,0.0000,1.0
2007-06-27,53.89,54.8,53.27,54.68,33.2284476607715,3157500,0.0000,1.0
2007-06-26,55.4,55.4,53.9,54.07,32.8577572241754,3780200,0.0000,1.0
2007-06-25,55.73,55.88,54.78,54.97,33.4046775404646,3872600,0.0000,1.0
2007-06-22,55.6,56.31,55.1,55.73,33.8665213631089,17817500,0.0000,1.0
2007-06-21,55.24,56.36,54.62,55.99,34.0245205655924,6530100,0.0000,1.0
2007-06-20,55.05,56.63,54.56,55.54,33.7510604074478,7892600,0.0000,1.0
2007-06-19,54.37,55.28,54.15,54.99,33.4168313252711,3984700,0.0000,1.0
2007-06-18,53.29,55.0,53.04,54.75,33.270985907594,5406500,0.0000,1.0
2007-06-15,52.5,52.75,52.05,52.36,31.8186086232259,4648000,0.0000,1.0
2007-06-14,52.89,52.99,52.21,52.45,31.8733006548548,3973900,0.0000,1.0
2007-06-13,50.41,52.97,50.41,52.88,32.134607028193,4898400,0.0000,1.0
2007-06-12,50.77,51.03,50.04,50.2,30.5059998641318,3508600,0.0000,1.0
2007-06-11,50.76,51.45,49.88,51.19,31.1076122120499,3384500,0.0000,1.0
2007-06-08,50.23,51.15,50.1,51.15,31.0833046424371,2892200,0.0000,1.0
2007-06-07,50.48,51.45,50.2,50.23,30.5242305413414,5228600,0.0000,1.0
2007-06-06,51.43,51.43,50.1,50.48,30.6761528514218,2813700,0.0000,1.0
2007-06-05,51.39,51.75,51.23,51.65,31.3871492625978,1808000,0.0000,1.0
2007-06-04,51.48,51.8,50.98,51.68,31.4053799398074,1547900,0.0000,1.0
2007-06-01,51.72,53.0,50.86,51.69,31.4114568322106,3272200,0.0000,1.0
2007-05-31,50.0,51.57,49.8,51.33,31.1926887056949,5780300,0.0000,1.0
2007-05-30,48.75,49.69,48.6,49.69,30.1960783515679,1806500,0.0000,1.0
2007-05-29,49.19,50.0,48.7,49.24,29.9226181934233,3609200,0.0000,1.0
2007-05-25,48.37,48.97,48.3,48.75,29.6248504656658,2417800,0.0000,1.0
2007-05-24,48.43,49.09,48.15,48.36,29.3878516619405,2294400,0.0000,1.0
2007-05-23,49.34,49.34,48.39,48.46,29.4486205859727,2475300,0.0000,1.0
2007-05-22,48.41,49.2,48.11,48.87,29.6977731745044,4949700,0.0000,1.0
2007-05-21,49.92,49.92,48.79,48.9,29.716003851714,4002500,0.0000,1.0
2007-05-18,49.12,49.52,48.84,49.03,29.7950034529558,3533300,0.0000,1.0
2007-05-17,48.67,49.01,48.3,48.88,29.7038500669076,2047100,0.0000,1.0
2007-05-16,48.77,49.28,48.27,49.01,29.7828496681494,4196000,0.0000,1.0
2007-05-15,48.8,51.14,48.5,49.29,29.9530026554394,14903900,0.0000,1.0
2007-05-14,46.74,47.4,46.55,46.61,28.3243954913782,1373600,0.0000,1.0
2007-05-11,46.35,46.93,46.23,46.64,28.3426261685878,2392000,0.1800,1.0
2007-05-10,47.03,47.1,45.94,46.09,27.900718498723,3247300,0.0000,1.0
2007-05-09,45.9,47.47,45.8,47.34,28.6574097142449,3062200,0.0000,1.0
2007-05-08,46.41,46.46,45.74,46.42,28.1004849796208,1205500,0.0000,1.0
2007-05-07,46.41,46.41,45.92,46.09,27.900718498723,1355400,0.0000,1.0
2007-05-04,46.36,46.42,45.9,46.41,28.0944314498966,2493300,0.0000,1.0
2007-05-03,45.78,46.25,45.71,46.11,27.9128255581714,2664500,0.0000,1.0
2007-05-02,45.21,46.14,45.17,45.75,27.6948984881011,2251400,0.0000,1.0
2007-05-01,45.42,45.66,44.77,45.07,27.2832584668572,3337800,0.0000,1.0
2007-04-30,46.0,46.0,44.65,44.65,27.0290102184418,4045800,0.0000,1.0
2007-04-27,46.06,47.77,45.58,46.05,27.8765043798263,5714000,0.0000,1.0
2007-04-26,45.34,46.08,45.19,46.06,27.8825579095505,2414800,0.0000,1.0
2007-04-25,45.36,45.73,44.96,45.54,27.5677743638934,2061100,0.0000,1.0
2007-04-24,45.9,45.96,45.02,45.2,27.3619543532714,2197100,0.0000,1.0
2007-04-23,45.48,46.0,45.32,45.64,27.6283096611351,2460800,0.0000,1.0
2007-04-20,45.14,45.98,45.1,45.41,27.4890784774791,3579800,0.0000,1.0
2007-04-19,44.08,45.2,44.08,44.27,26.7989760889232,1786200,0.0000,1.0
2007-04-18,44.54,45.11,43.97,44.86,27.1561343426495,2081900,0.0000,1.0
2007-04-17,44.96,45.0,44.58,44.75,27.0895455156836,1728800,0.0000,1.0
2007-04-16,44.98,45.4,44.8,44.95,27.2106161101671,1952400,0.0000,1.0
2007-04-13,44.74,44.95,44.3,44.74,27.0834919859594,2097100,0.0000,1.0
2007-04-12,44.1,44.92,43.89,44.87,27.1621878723737,3398600,0.0000,1.0
2007-04-11,44.58,44.78,43.96,44.09,26.690012553888,1960000,0.0000,1.0
2007-04-10,43.9,44.67,43.68,44.58,26.9866355103726,2480200,0.0000,1.0
2007-04-09,43.64,43.84,43.46,43.75,26.484192543266,2427600,0.0000,1.0
2007-04-05,43.54,43.81,43.39,43.61,26.3994431271276,2383100,0.0000,1.0
2007-04-04,44.01,44.07,43.61,43.84,26.5386743107836,2735200,0.0000,1.0
2007-04-03,44.17,44.33,43.88,43.98,26.6234237269221,3473100,0.0000,1.0
2007-04-02,43.71,44.21,43.49,44.03,26.6536913755429,2832900,0.0000,1.0
2007-03-30,43.44,43.95,43.31,43.37,26.2541584137474,2460900,0.0000,1.0
2007-03-29,43.45,43.72,43.02,43.33,26.2299442948507,1876900,0.0000,1.0
2007-03-28,43.47,43.68,42.39,42.88,25.9575354572628,4309100,0.0000,1.0
2007-03-27,43.1,44.25,43.04,43.81,26.5205137216111,4196800,0.0000,1.0
2007-03-26,45.25,45.51,44.44,45.33,27.4406502396857,1471200,0.0000,1.0
2007-03-23,45.12,45.57,45.01,45.42,27.4951320072033,1217100,0.0000,1.0
2007-03-22,45.24,45.25,44.77,45.14,27.3256331749264,1873300,0.0000,1.0
2007-03-21,44.31,45.16,44.07,45.1,27.3014190560297,2854500,0.0000,1.0
2007-03-20,43.74,44.364,43.66,44.3,26.8171366780957,1647300,0.0000,1.0
2007-03-19,43.09,43.95,43.09,43.85,26.5447278405078,3355700,0.0000,1.0
2007-03-16,43.23,43.76,42.74,42.96,26.0059636950562,2689000,0.0000,1.0
2007-03-15,42.6,43.09,42.45,42.91,25.9756960464353,1504900,0.0000,1.0
2007-03-14,42.46,42.87,41.94,42.75,25.8788395708485,2327000,0.0000,1.0
2007-03-13,42.5,42.73,42.06,42.31,25.6124842629848,2784600,0.0000,1.0
2007-03-12,42.41,42.9,42.39,42.84,25.9333213383661,1756500,0.0000,1.0
2007-03-09,43.25,43.55,42.37,42.56,25.7638225060892,3070900,0.0000,1.0
2007-03-08,43.5,43.87,42.84,43.15,26.1209807598155,3416500,0.0000,1.0
2007-03-07,42.99,43.85,42.79,43.26,26.1875695867815,3323900,0.0000,1.0
2007-03-06,42.48,43.2,42.32,42.99,26.0241242842287,2176300,0.0000,1.0
2007-03-05,41.76,42.75,41.66,42.18,25.5337883765706,2869300,0.0000,1.0
2007-03-02,43.08,43.35,42.43,42.61,25.7940901547101,2746300,0.0000,1.0
2007-03-01,42.39,43.32,41.65,43.08,26.0786060517463,3938600,0.0000,1.0
2007-02-28,42.73,43.73,42.57,43.3,26.2117837056782,3411900,0.0000,1.0
2007-02-27,44.51,45.01,41.1,42.77,25.8909466302969,5001800,0.0000,1.0
2007-02-26,45.5,45.62,44.67,45.11,27.3074725857539,2340100,0.0000,1.0
2007-02-23,45.25,45.27,44.28,45.2,27.3619543532714,2366900,0.0000,1.0
2007-02-22,44.3,44.67,44.28,44.58,26.9866355103726,1793600,0.0000,1.0
2007-02-21,44.3,44.4,44.06,44.29,26.8110831483715,1337700,0.0000,1.0
2007-02-20,44.15,44.5,43.84,44.39,26.8716184456133,1835600,0.0000,1.0
2007-02-16,44.13,44.46,43.9,44.4,26.8776719753374,2552500,0.0000,1.0
2007-02-15,43.0,44.19,42.84,44.12,26.7081731430605,5028100,0.0000,1.0
2007-02-14,42.86,42.99,42.61,42.81,25.9151607491936,2613400,0.1800,1.0
2007-02-13,42.35,42.92,42.35,42.61,25.6860897772305,1895600,0.0000,1.0
2007-02-12,42.37,42.74,42.29,42.52,25.6318361259761,1511700,0.0000,1.0
2007-02-09,42.95,43.14,42.22,42.27,25.4811315391582,2108200,0.0000,1.0
2007-02-08,43.64,43.64,42.92,43.05,25.9513298500299,2908300,0.0000,1.0
2007-02-07,42.65,43.71,42.54,43.63,26.3009644914472,2782800,0.0000,1.0
2007-02-06,43.55,43.81,43.3,43.45,26.1924571889384,1573000,0.0000,1.0
2007-02-05,43.36,43.73,42.83,43.38,26.1502599046294,1732200,0.0000,1.0
2007-02-02,43.2,44.0,43.05,43.84,26.4275563443742,2702900,0.0000,1.0
2007-02-01,42.95,43.25,42.8,43.15,26.011611684757,2735900,0.0000,1.0
2007-01-31,42.65,43.89,42.45,42.88,25.8488507309937,6125000,0.0000,1.0
2007-01-30,40.93,41.9,40.93,41.76,25.1736941820499,3442200,0.0000,1.0
2007-01-29,41.55,41.72,40.67,40.9,24.6552704033965,3767700,0.0000,1.0
2007-01-26,41.53,41.79,41.43,41.74,25.1616378151044,2664100,0.0000,1.0
2007-01-25,41.47,42.15,41.23,41.38,24.9446232100868,2482900,0.0000,1.0
2007-01-24,41.66,41.8,41.49,41.49,25.0109332282866,2213900,0.0000,1.0
2007-01-23,40.79,41.72,40.51,41.66,25.1134123473227,1574200,0.0000,1.0
2007-01-22,41.52,41.7,40.66,40.9,24.6552704033965,1963000,0.0000,1.0
2007-01-19,41.35,41.63,41.22,41.49,25.0109332282866,1770700,0.0000,1.0
2007-01-18,41.15,41.54,40.89,41.07,24.7577495224327,2042200,0.0000,1.0
2007-01-17,40.7,41.17,40.65,40.92,24.667326770342,2089500,0.0000,1.0
2007-01-16,40.65,40.74,40.18,40.62,24.4864812661606,2444700,0.0000,1.0
2007-01-12,40.37,40.74,40.271,40.69,24.5286785504696,1712700,0.0000,1.0
2007-01-11,40.55,40.75,40.33,40.5,24.414143064488,3117800,0.0000,1.0
2007-01-10,40.21,40.76,39.51,40.54,24.4382557983789,2384800,0.0000,1.0
2007-01-09,39.69,40.4,39.58,40.21,24.2393257437793,2983300,0.0000,1.0
2007-01-08,39.33,39.88,39.0,39.62,23.8836629188893,2609600,0.0000,1.0
2007-01-05,39.41,39.62,39.0,39.39,23.7450146990169,2994600,0.0000,1.0
2007-01-04,38.81,38.92,38.25,38.75,23.3592109567632,1931300,0.0000,1.0
2007-01-03,39.46,39.58,38.56,38.81,23.3953800575995,2140100,0.0000,1.0
2006-12-29,39.17,39.63,39.08,39.13,23.5882819287263,1453900,0.0000,1.0
2006-12-28,39.0,39.65,39.0,39.26,23.6666483138716,1971000,0.0000,1.0
2006-12-27,38.64,39.31,38.55,39.23,23.6485637634535,1762300,0.0000,1.0
2006-12-26,38.26,38.4,38.03,38.2,23.027660865764,1621700,0.0000,1.0
2006-12-22,38.79,39.0,38.2,38.44,23.1723372691091,1432600,0.0000,1.0
2006-12-21,39.36,39.45,38.72,38.83,23.4074364245449,2724100,0.0000,1.0
2006-12-20,39.49,39.74,39.36,39.45,23.7811837998532,3095500,0.0000,1.0
2006-12-19,39.26,39.6,38.92,39.37,23.7329583320714,2391100,0.0000,1.0
2006-12-18,39.5,39.6,39.2,39.26,23.6666483138716,3143200,0.0000,1.0
2006-12-15,39.84,39.84,39.05,39.18,23.6184228460899,5459800,0.0000,1.0
2006-12-14,39.02,39.58,38.63,39.31,23.6967892312352,4332500,0.0000,1.0
2006-12-13,39.75,39.85,38.99,39.0,23.5099155435811,2957700,0.0000,1.0
2006-12-12,40.01,40.24,39.35,39.67,23.9138038362528,2877200,0.0000,1.0
2006-12-11,40.76,40.8,39.92,40.1,24.1730157255795,4004300,0.0000,1.0
2006-12-08,40.0,41.6,39.9,40.75,24.5648476513059,5950300,0.0000,1.0
2006-12-07,39.5,40.44,39.5,39.5,23.8113247172167,4181900,0.0000,1.0
2006-12-06,38.95,39.77,38.82,39.5,23.8113247172167,3106900,0.0000,1.0
2006-12-05,38.27,39.02,38.14,38.87,23.4315491584358,5242200,0.0000,1.0
2006-12-04,38.3,38.52,37.83,38.33,23.1060272509093,3015900,0.0000,1.0
2006-12-01,39.05,39.21,37.91,38.3,23.0879427004911,4155800,0.0000,1.0
2006-11-30,38.58,39.06,38.27,39.01,23.5159437270538,3017100,0.0000,1.0
2006-11-29,38.15,38.66,38.03,38.58,23.2567318377271,1938900,0.0000,1.0
2006-11-28,38.13,38.13,37.52,38.02,22.9191535632552,2646300,0.0000,1.0
2006-11-27,38.96,39.05,37.92,38.06,22.943266297146,2805100,0.0000,1.0
2006-11-24,39.25,39.48,39.06,39.23,23.6485637634535,689200,0.0000,1.0
2006-11-22,39.16,39.74,39.07,39.48,23.7992683502713,2202600,0.0000,1.0
2006-11-21,38.18,39.23,37.7,39.15,23.6003382956718,2924600,0.0000,1.0
2006-11-20,38.29,38.55,38.22,38.32,23.0999990674366,2233600,0.0000,1.0
2006-11-17,38.22,38.46,37.79,38.4,23.1482245352183,2532400,0.0000,1.0
2006-11-16,38.45,38.82,38.33,38.52,23.2205627368908,2493600,0.0000,1.0
2006-11-15,37.89,38.46,37.72,38.3,23.0879427004911,3337500,0.0000,1.0
2006-11-14,37.52,37.91,37.4,37.89,22.8407871781099,3155500,0.0000,1.0
2006-11-13,37.25,37.65,37.15,37.52,22.6177443896195,2543500,0.0000,1.0
2006-11-10,37.19,37.5,37.08,37.46,22.5815752887832,2215900,0.0000,1.0
2006-11-09,37.37,37.48,37.18,37.25,22.4549834358563,4131600,0.1800,1.0
2006-11-08,36.93,37.5,36.8,37.29,22.3709947187571,3498000,0.0000,1.0
2006-11-07,36.66,37.38,36.64,37.25,22.3469979424431,3115200,0.0000,1.0
2006-11-06,36.62,36.99,36.51,36.76,22.0530374325962,3280600,0.0000,1.0
2006-11-03,36.75,37.03,36.68,36.87,22.1190285674598,4037500,0.0000,1.0
2006-11-02,36.65,36.88,36.55,36.82,22.0890325970673,4509400,0.0000,1.0
2006-11-01,36.7,37.06,36.5,36.9,22.1370261496953,5411200,0.0000,1.0
2006-10-31,36.45,36.91,36.3,36.71,22.0230414622037,5438800,0.0000,1.0
2006-10-30,36.37,37.15,36.31,36.75,22.0470382385177,5031600,0.0000,1.0
2006-10-27,37.0,37.65,35.85,37.45,22.4669818240133,15563100,0.0000,1.0
2006-10-26,38.7,39.14,38.6,38.9,23.336864965397,4188000,0.0000,1.0
2006-10-25,38.45,38.92,38.31,38.48,23.0848988140996,3829200,0.0000,1.0
2006-10-24,37.91,38.61,37.91,38.4,23.0369052614716,4085500,0.0000,1.0
2006-10-23,37.34,38.36,37.34,38.34,23.0009100970005,3228200,0.0000,1.0
2006-10-20,38.51,38.66,37.1,38.1,22.8569294391163,7763100,0.0000,1.0
2006-10-19,40.0,40.25,38.96,39.31,23.5828319226158,4576000,0.0000,1.0
2006-10-18,41.31,41.75,40.32,40.49,24.2907368238798,3677100,0.0000,1.0
2006-10-17,40.86,40.98,40.0,40.9,24.5367037810986,3200600,0.0000,1.0
2006-10-16,40.08,41.47,40.08,41.21,24.7226787975324,3802300,0.0000,1.0
2006-10-13,40.0,40.55,39.79,40.27,24.1587545541526,2463100,0.0000,1.0
2006-10-12,40.25,40.44,39.84,40.12,24.068766642975,4107000,0.0000,1.0
2006-10-11,40.46,40.46,40.0,40.2,24.116760195603,2787700,0.0000,1.0
2006-10-10,40.23,40.6,40.06,40.46,24.2727392416443,2255400,0.0000,1.0
2006-10-09,40.15,40.59,39.51,40.23,24.1347577778386,2411800,0.0000,1.0
2006-10-06,39.29,40.27,38.95,40.2,24.116760195603,3419700,0.0000,1.0
2006-10-05,38.51,39.99,38.4012,39.54,23.7208133864215,4773700,0.0000,1.0
2006-10-04,38.77,39.11,38.61,38.68,23.2048826956698,3094000,0.0000,1.0
2006-10-03,38.54,39.18,38.24,38.96,23.372860129868,3360700,0.0000,1.0
2006-10-02,38.0,39.39,37.94,38.69,23.2108818897483,4390100,0.0000,1.0
2006-09-29,38.7,38.76,37.98,37.98,22.7849391101742,1580700,0.0000,1.0
2006-09-28,38.49,38.75,38.1,38.59,23.1508899489632,2166300,0.0000,1.0
2006-09-27,37.99,38.67,37.75,38.49,23.0908980081781,2832200,0.0000,1.0
2006-09-26,37.44,38.0992,37.15,37.68,22.604963287819,5642100,0.0000,1.0
2006-09-25,36.74,37.41,36.56,37.34,22.4009906891497,2575600,0.0000,1.0
2006-09-22,37.1,37.2,36.1,36.89,22.1310269556168,5291700,0.0000,1.0
2006-09-21,38.1,38.2,36.91,37.14,22.2810068075795,3636100,0.0000,1.0
2006-09-20,38.76,38.76,38.1,38.19,22.9109221858229,2963600,0.0000,1.0
2006-09-19,39.01,39.01,38.39,38.76,23.2528762482979,2133000,0.0000,1.0
2006-09-18,38.55,39.05,38.35,38.82,23.2888714127689,2930400,0.0000,1.0
2006-09-15,38.8,38.99,38.54,38.54,23.1208939785707,3828600,0.0000,1.0
2006-09-14,39.24,39.3,38.57,38.61,23.1628883371202,4216100,0.0000,1.0
2006-09-13,37.68,38.63,37.59,38.5,23.0968972022566,4392700,0.0000,1.0
2006-09-12,37.22,37.47,36.6,37.46,22.4729810180918,5935800,0.0000,1.0
2006-09-11,38.34,38.35,37.19,37.25,22.3469979424431,4228600,0.0000,1.0
2006-09-08,38.2,38.58,38.16,38.35,23.006909291079,2392800,0.0000,1.0
2006-09-07,38.41,38.42,37.84,38.24,22.9409181562154,4060700,0.0000,1.0
2006-09-06,38.66,38.99,38.5,38.66,23.1928843075128,2311600,0.0000,1.0
2006-09-05,38.6,39.16,38.25,39.02,23.4088552943391,2845000,0.0000,1.0
2006-09-01,38.03,38.95,38.03,38.6,23.1568891430417,2516600,0.0000,1.0
2006-08-31,37.59,38.17,37.47,38.02,22.8089358864883,2428200,0.0000,1.0
2006-08-30,37.71,37.82,37.11,37.38,22.4249874654637,2874800,0.0000,1.0
2006-08-29,37.48,37.84,37.39,37.7,22.616961675976,1992000,0.0000,1.0
2006-08-28,37.21,37.77,37.16,37.43,22.4549834358563,2228400,0.0000,1.0
2006-08-25,37.0,37.51,36.95,37.27,22.3589963306001,1644800,0.0000,1.0
2006-08-24,37.25,37.7,36.89,37.21,22.3230011661291,2671500,0.0000,1.0
2006-08-23,38.33,38.56,37.1,37.26,22.3529971365216,3228400,0.0000,1.0
2006-08-22,37.9,38.5652,37.9,38.37,23.018907679236,1820600,0.0000,1.0
2006-08-21,38.8,38.8,37.88,38.05,22.8269334687238,2082700,0.0000,1.0
2006-08-18,39.0,39.49,38.52,38.94,23.360861741711,2886200,0.0000,1.0
2006-08-17,38.5,39.05,38.38,38.49,23.0908980081781,3392600,0.0000,1.0
2006-08-16,37.4,38.79,37.35,38.71,23.2228802779053,3518100,0.0000,1.0
2006-08-15,36.32,37.1,36.23,37.1,22.2570100312655,4097900,0.0000,1.0
2006-08-14,36.99,37.1,36.07,36.17,21.6990849819642,3817400,0.0000,1.0
2006-08-11,36.77,37.23,36.68,36.99,22.1910188964019,2693900,0.1800,1.0
2006-08-10,36.77,37.48,36.52,36.95,22.0596757659954,2879600,0.0000,1.0
2006-08-09,37.77,37.84,36.75,36.76,21.9462430624626,5369800,0.0000,1.0
2006-08-08,37.9,38.0,37.45,37.61,22.4537051572148,2853600,0.0000,1.0
2006-08-07,37.78,38.11,37.41,37.87,22.6089288567861,3989900,0.0000,1.0
2006-08-04,39.0,39.23,37.84,37.97,22.6686302796982,6286600,0.0000,1.0
2006-08-03,36.81,38.4,36.76,37.97,22.6686302796982,6002800,0.0000,1.0
2006-08-02,35.5,36.4,35.44,36.34,21.6954970862321,3376800,0.0000,1.0
2006-08-01,35.75,35.9,35.12,35.29,21.0686321456557,3590600,0.0000,1.0
2006-07-31,35.86,35.91,35.55,35.8,21.3731094025071,3481000,0.0000,1.0
2006-07-28,36.5,36.8,34.95,35.86,21.4089302562543,8178100,0.0000,1.0
2006-07-27,36.67,37.1,36.18,36.3,21.6716165170672,3554900,0.0000,1.0
2006-07-26,36.6,36.87,36.28,36.47,21.7731089360177,3781500,0.0000,1.0
2006-07-25,36.68,37.04,36.35,36.74,21.9343027778802,4333200,0.0000,1.0
2006-07-24,36.48,36.94,36.35,36.68,21.898481924133,4653100,0.0000,1.0
2006-07-21,36.8,36.9,35.95,36.06,21.5283331020784,4194300,0.0000,1.0
2006-07-20,37.85,38.2,36.47,36.56,21.8268402166385,3691200,0.0000,1.0
2006-07-19,37.12,38.48,36.85,37.92,22.6387795682421,5195100,0.0000,1.0
2006-07-18,37.01,37.45,36.39,36.87,22.0119146276658,3345000,0.0000,1.0
2006-07-17,37.25,37.72,36.75,36.93,22.047735481413,3775500,0.0000,1.0
2006-07-14,38.64,38.64,36.6,37.25,22.2387800347315,5920200,0.0000,1.0
2006-07-13,39.48,39.51,38.49,38.5,22.9850478211319,4367400,0.0000,1.0
2006-07-12,40.15,40.18,39.62,39.85,23.7910170304443,3491300,0.0000,1.0
2006-07-11,40.4,40.54,39.83,40.15,23.9701212991804,3763600,0.0000,1.0
2006-07-10,40.76,41.05,40.46,40.59,24.2328075599934,3091500,0.0000,1.0
2006-07-07,41.55,41.76,40.49,40.6,24.2387777022846,3151000,0.0000,1.0
2006-07-06,42.12,42.54,41.56,41.75,24.9253440657729,2520000,0.0000,1.0
2006-07-05,43.25,43.25,42.04,42.32,25.2656421763715,2377400,0.0000,1.0
2006-07-03,43.33,43.33,42.91,43.25,25.8208654094534,799000,0.0000,1.0
2006-06-30,42.96,43.1,42.5,42.78,25.5402687217668,1979000,0.0000,1.0
2006-06-29,42.22,43.05,41.71,42.96,25.6477312830085,2051900,0.0000,1.0
2006-06-28,41.26,41.71,40.96,41.64,24.8596725005697,2020200,0.0000,1.0
2006-06-27,41.73,42.0,41.06,41.06,24.5134042476799,1875200,0.0000,1.0
2006-06-26,41.05,41.75,41.0,41.73,24.9134037811905,1339100,0.0000,1.0
2006-06-23,40.5,41.52,40.0,41.06,24.5134042476799,1954400,0.0000,1.0
2006-06-22,41.19,41.28,40.5,40.63,24.2566881291582,2106800,0.0000,1.0
2006-06-21,41.0,41.47,40.88,41.19,24.5910160974655,2658400,0.0000,1.0
2006-06-20,41.2,41.66,40.81,41.12,24.5492251014271,2146500,0.0000,1.0
2006-06-19,41.75,41.95,41.05,41.25,24.6268369512128,3479600,0.0000,1.0
2006-06-16,41.46,41.78,41.22,41.25,24.6268369512128,3189400,0.0000,1.0
2006-06-15,40.43,41.75,40.4,41.54,24.7999710776577,3779000,0.0000,1.0
2006-06-14,39.5,40.26,39.3,40.07,23.9223601608508,3083500,0.0000,1.0
2006-06-13,39.35,40.11,38.84,39.55,23.6119127617082,3592900,0.0000,1.0
2006-06-12,40.33,40.93,39.35,39.47,23.5641516233786,1991000,0.0000,1.0
2006-06-09,40.51,41.19,40.46,40.9,24.4178819710207,2617300,0.0000,1.0
2006-06-08,40.75,41.07,38.75,40.37,24.1014644295869,7632600,0.0000,1.0
2006-06-07,42.2,42.34,40.94,40.96,24.4537028247679,5423600,0.0000,1.0
2006-06-06,42.97,43.69,41.98,42.3,25.2537018917891,4095500,0.0000,1.0
2006-06-05,44.0,44.24,42.77,42.78,25.5402687217668,3202700,0.0000,1.0
2006-06-02,44.4,44.95,44.18,44.27,26.4298199231561,2545300,0.0000,1.0
2006-06-01,43.62,44.38,43.34,44.34,26.4716109191945,3149400,0.0000,1.0
2006-05-31,43.6,43.67,42.82,43.61,26.0357905319367,6646100,0.0000,1.0
2006-05-30,45.54,45.54,44.11,44.14,26.3522080733705,3251300,0.0000,1.0
2006-05-26,45.41,45.73,45.2,45.53,27.1820578518477,2939800,0.0000,1.0
2006-05-25,45.06,45.3,44.728,45.28,27.0328042945676,1915400,0.0000,1.0
2006-05-24,44.88,45.11,43.8,44.72,26.6984763262602,3017100,0.0000,1.0
2006-05-23,46.2,46.22,44.42,44.48,26.5551929112714,3375500,0.0000,1.0
2006-05-22,44.93,45.0,43.51,44.31,26.4537004923209,3025900,0.0000,1.0
2006-05-19,45.35,45.36,44.45,44.93,26.8238493143755,3619700,0.0000,1.0
2006-05-18,45.82,46.0,44.9,44.96,26.8417597412491,2777100,0.0000,1.0
2006-05-17,46.4,46.43,45.41,45.71,27.2895204130893,2756100,0.0000,1.0
2006-05-16,46.92,47.36,46.37,46.61,27.8268332192976,1476600,0.0000,1.0
2006-05-15,46.5,46.92,46.19,46.8,27.9402659228305,5226300,0.0000,1.0
2006-05-12,47.7,47.714,46.76,46.83,27.9581763497041,4113600,0.1600,1.0
2006-05-11,47.83,49.0,47.14,47.47,28.2437674254193,4182800,0.0000,1.0
2006-05-10,46.99,47.65,46.8,47.61,28.3270648225029,1910100,0.0000,1.0
2006-05-09,47.48,47.6,46.82,47.02,27.9760257919363,1814500,0.0000,1.0
2006-05-08,47.03,47.85,47.02,47.45,28.2318677972645,2609900,0.0000,1.0
2006-05-05,47.0,47.34,46.95,47.02,27.9760257919363,2067900,0.0000,1.0
2006-05-04,46.65,47.15,46.59,46.96,27.9403269074719,3341400,0.0000,1.0
2006-05-03,45.9,46.32,45.8,46.32,27.5595388065183,4210600,0.0000,1.0
2006-05-02,44.7,45.53,44.4,45.5,27.0716540521714,2641800,0.0000,1.0
2006-05-01,44.02,44.84,44.0,44.5,26.4766726444314,2713900,0.0000,1.0
2006-04-28,43.77,44.24,43.64,43.75,26.0304365886264,2742700,0.0000,1.0
2006-04-27,44.5,44.6,43.96,44.04,26.202981196871,3750800,0.0000,1.0
2006-04-26,43.09,44.66,43.07,44.6,26.5361707852054,3410800,0.0000,1.0
2006-04-25,43.62,43.67,42.5,42.73,25.4235555527316,3686700,0.0000,1.0
2006-04-24,43.9,44.13,43.33,43.39,25.81624328184,3049600,0.0000,1.0
2006-04-21,46.75,46.98,43.52,44.01,26.1851317546388,6762300,0.0000,1.0
2006-04-20,44.94,45.95,44.75,45.35,26.9824068410104,3435600,0.0000,1.0
2006-04-19,44.5,44.91,44.2,44.83,26.6730165089856,2369000,0.0000,1.0
2006-04-18,42.87,44.68,42.58,44.56,26.5123715288958,2740200,0.0000,1.0
2006-04-17,42.45,42.87,42.23,42.53,25.3045592711836,1575500,0.0000,1.0
2006-04-13,42.98,43.3,42.26,42.32,25.1796131755581,1334500,0.0000,1.0
2006-04-12,42.06,43.05,42.0,42.93,25.5425518342796,1796100,0.0000,1.0
2006-04-11,42.88,43.25,41.95,42.1,25.0487172658553,1768300,0.0000,1.0
2006-04-10,42.89,43.28,42.54,42.88,25.5128027638926,1456700,0.0000,1.0
2006-04-07,43.25,43.5,42.28,42.79,25.459254437196,1663700,0.0000,1.0
2006-04-06,43.56,43.75,42.6,43.0,25.5842005328214,1971900,0.0000,1.0
2006-04-05,43.03,43.65,42.66,43.42,25.8340927240722,1773900,0.0000,1.0
2006-04-04,42.14,43.17,41.62,42.81,25.4711540653508,2171700,0.0000,1.0
2006-04-03,41.63,42.92,41.63,42.01,24.9951689391587,2233600,0.0000,1.0
2006-03-31,42.36,42.45,41.69,41.79,24.8642730294559,2214200,0.0000,1.0
2006-03-30,42.9,43.3,41.72,42.16,25.0844161503197,3441400,0.0000,1.0
2006-03-29,42.75,43.15,42.32,42.95,25.5544514624344,3109700,0.0000,1.0
2006-03-28,43.58,44.5,43.58,43.65,25.9709384478524,3033000,0.0000,1.0
2006-03-27,43.35,44.02,43.31,43.57,25.9233399352332,3092800,0.0000,1.0
2006-03-24,42.57,43.55,42.56,43.45,25.8519421663044,1700300,0.0000,1.0
2006-03-23,42.8,42.8,42.13,42.4,25.2272116881773,1645700,0.0000,1.0
2006-03-22,42.14,43.0,42.14,42.96,25.5604012765118,1205100,0.0000,1.0
2006-03-21,42.99,43.17,42.17,42.24,25.1320146629389,1357100,0.0000,1.0
2006-03-20,43.17,43.48,42.97,43.07,25.6258492313632,1595000,0.0000,1.0
2006-03-17,43.1,43.36,42.95,43.02,25.5961001609762,2399800,0.0000,1.0
2006-03-16,42.5,43.05,42.35,42.63,25.3640574119576,2126500,0.0000,1.0
2006-03-15,42.13,42.47,41.87,42.46,25.2629105726418,1651600,0.0000,1.0
2006-03-14,41.25,42.18,41.18,42.08,25.0368176377005,1915500,0.0000,1.0
2006-03-13,41.37,41.76,41.21,41.31,24.5786819537407,1120500,0.0000,1.0
2006-03-10,40.7,41.63,40.65,41.63,24.7690760042175,1171600,0.0000,1.0
2006-03-09,41.23,41.25,40.6,40.69,24.2097934809419,1790800,0.0000,1.0
2006-03-08,41.29,41.4,40.61,41.3,24.5727321396633,1260500,0.0000,1.0
2006-03-07,40.95,41.69,40.8101,41.24,24.5370332551989,1352700,0.0000,1.0
2006-03-06,41.45,41.85,40.78,40.9,24.3347395765673,1650200,0.0000,1.0
2006-03-03,41.3,41.91,41.12,41.45,24.6619793508243,943100,0.0000,1.0
2006-03-02,41.65,41.79,41.19,41.42,24.6441299085921,1580700,0.0000,1.0
2006-03-01,41.18,42.1,41.05,41.96,24.9654198687717,1478700,0.0000,1.0
2006-02-28,41.56,41.69,40.76,41.03,24.4120871595735,2142500,0.0000,1.0
2006-02-27,42.07,42.2,41.81,41.86,24.9059217279977,1453300,0.0000,1.0
2006-02-24,42.1,42.18,41.83,42.11,25.0546670799327,1528400,0.0000,1.0
2006-02-23,41.85,42.6,41.6,42.2,25.1082154066293,5237600,0.0000,1.0
2006-02-22,41.0,41.69,40.95,41.65,24.7809756323723,2227500,0.0000,1.0
2006-02-21,40.98,41.0,40.66,40.89,24.3287897624899,1601100,0.0000,1.0
2006-02-17,40.7,41.04,40.54,40.81,24.2811912498707,1780300,0.0000,1.0
2006-02-16,40.65,40.83,40.31,40.7,24.2157432950193,1316300,0.0000,1.0
2006-02-15,39.97,40.44,39.62,40.41,24.0431986867747,1967100,0.0000,1.0
2006-02-14,39.03,40.04,38.51,39.97,23.7814068673691,2143900,0.0000,1.0
2006-02-13,38.8,39.23,38.57,38.81,23.0912284343906,1066300,0.0000,1.0
2006-02-10,38.5,39.29,38.37,39.07,23.245923600403,2288400,0.1600,1.0
2006-02-09,38.99,39.31,38.57,38.63,22.8903907388114,1296600,0.0000,1.0
2006-02-08,38.84,39.15,38.54,39.02,23.121487098846,1169900,0.0000,1.0
2006-02-07,39.12,39.39,38.75,38.85,23.0207527880616,1341000,0.0000,1.0
2006-02-06,38.7,39.51,38.7,39.37,23.3288812681078,1783000,0.0000,1.0
2006-02-03,39.45,39.9,39.29,39.58,23.4533177696649,2253200,0.0000,1.0
2006-02-02,39.35,39.9,39.31,39.7,23.5244243419832,3689600,0.0000,1.0
2006-02-01,39.44,39.6,39.25,39.47,23.3881367450397,2978800,0.0000,1.0
2006-01-31,39.45,39.6195,39.13,39.27,23.2696257911758,4281500,0.0000,1.0
2006-01-30,39.0,39.79,38.87,39.69,23.51849879429,4128200,0.0000,1.0
2006-01-27,38.52,39.3,38.48,39.0,23.1096360034596,6114600,0.0000,1.0
2006-01-26,40.49,40.5,36.92,38.15,22.605964449538,8756100,0.0000,1.0
2006-01-25,39.87,39.99,39.3,39.88,23.6310842004607,3235900,0.0000,1.0
2006-01-24,39.03,39.89,38.99,39.81,23.5896053666083,2320400,0.0000,1.0
2006-01-23,38.9,39.0952,38.42,38.86,23.0266783357548,2257900,0.0000,1.0
2006-01-20,40.0,40.0,38.54,38.69,22.9259440249705,2871900,0.0000,1.0
2006-01-19,39.5,39.92,39.32,39.57,23.4473922219717,3596200,0.0000,1.0
2006-01-18,39.42,39.45,38.91,39.21,23.2340725050167,3120700,0.0000,1.0
2006-01-17,39.5,39.8,39.13,39.43,23.3644345542669,3777900,0.0000,1.0
2006-01-13,41.95,42.98,40.2,40.37,23.9214360374272,2640400,0.0000,1.0
2006-01-12,41.67,41.67,41.03,41.09,24.3480754713373,2084800,0.0000,1.0
2006-01-11,41.45,41.92,41.1,41.88,24.8161937390997,1457300,0.0000,1.0
2006-01-10,41.76,41.76,41.19,41.36,24.5080652590535,1756000,0.0000,1.0
2006-01-09,41.0,42.02,40.9,42.01,24.8932258591112,2154000,0.0000,1.0
2006-01-06,41.42,41.64,41.0,41.0,24.2947455420985,2116700,0.0000,1.0
2006-01-05,41.01,41.25,40.7,41.02,24.3065966374849,1716400,0.0000,1.0
2006-01-04,40.38,41.26,40.04,41.23,24.431033139042,2390500,0.0000,1.0
2006-01-03,40.38,40.52,39.8,40.48,23.9866170620524,2609900,0.0000,1.0
2005-12-30,40.69,40.69,40.35,40.37,23.9214360374272,698700,0.0000,1.0
2005-12-29,41.1,41.24,40.69,40.69,24.1110535636095,872200,0.0000,1.0
2005-12-28,40.54,41.24,40.41,41.14,24.3777032098032,1631700,0.0000,1.0
2005-12-27,41.11,41.39,40.53,40.53,24.0162448005184,935400,0.0000,1.0
2005-12-23,41.1,41.2,40.81,41.08,24.3421499236441,684400,0.0000,1.0
2005-12-22,41.25,41.44,41.13,41.23,24.431033139042,1284800,0.0000,1.0
2005-12-21,40.85,41.4,40.68,41.08,24.3421499236441,1868600,0.0000,1.0
2005-12-20,40.39,40.82,40.22,40.42,23.9510637758932,2409700,0.0000,1.0
2005-12-19,40.99,41.01,40.04,40.14,23.7851484404838,1619700,0.0000,1.0
2005-12-16,41.01,41.48,40.68,40.85,24.2058623267006,2593300,0.0000,1.0
2005-12-15,40.75,41.0,40.46,40.64,24.0814258251435,2098700,0.0000,1.0
2005-12-14,40.34,40.85,40.32,40.56,24.034021443598,1629100,0.0000,1.0
2005-12-13,40.02,40.53,39.98,40.14,23.7851484404838,1735800,0.0000,1.0
2005-12-12,40.1,40.46,39.99,40.04,23.7258929635518,1127600,0.0000,1.0
2005-12-09,39.76,40.12,39.6,39.96,23.6784885820063,2203600,0.0000,1.0
2005-12-08,39.44,39.84,39.17,39.41,23.3525834588805,1431500,0.0000,1.0
2005-12-07,40.43,40.43,39.26,39.43,23.3644345542669,1994100,0.0000,1.0
2005-12-06,40.76,40.83,40.36,40.45,23.9688404189728,1635400,0.0000,1.0
2005-12-05,40.6,40.9,40.32,40.7,24.1169791113027,2310900,0.0000,1.0
2005-12-02,41.0,41.01,40.53,40.7,24.1169791113027,1794300,0.0000,1.0
2005-12-01,39.99,40.97,39.85,40.97,24.2769688990189,2548400,0.0000,1.0
2005-11-30,39.75,39.94,39.54,39.63,23.4829455081308,1527300,0.0000,1.0
2005-11-29,39.9,40.1,39.59,39.6,23.4651688650513,1597800,0.0000,1.0
2005-11-28,40.13,40.23,39.35,39.46,23.3822111973465,1362800,0.0000,1.0
2005-11-25,40.34,40.4,39.96,40.0,23.702190772779,784700,0.0000,1.0
2005-11-23,39.99,40.4,39.77,40.2,23.8207017266429,2269700,0.0000,1.0
2005-11-22,39.45,40.13,39.342,40.12,23.7732973450974,1641100,0.0000,1.0
2005-11-21,39.98,39.98,39.44,39.72,23.5362754373696,1656800,0.0000,1.0
2005-11-18,40.0,40.12,39.6,39.76,23.5599776281424,1623500,0.0000,1.0
2005-11-17,39.47,39.74,39.22,39.73,23.5422009850628,1514900,0.0000,1.0
2005-11-16,39.2,39.48,39.02,39.26,23.2637002434826,1207400,0.0000,1.0
2005-11-15,38.9,39.38,38.9,39.06,23.1451892896187,1639300,0.0000,1.0
2005-11-14,39.38,39.39,38.96,39.02,23.121487098846,1288000,0.0000,1.0
2005-11-11,39.2,39.59,39.02,39.44,23.3703601019601,1563300,0.0000,1.0
2005-11-10,38.4,39.13,38.32,38.99,23.1037104557664,2432100,0.0000,1.0
2005-11-09,38.16,38.84,38.15,38.29,22.6889221172427,1463800,0.1600,1.0
2005-11-08,38.03,38.56,37.77,38.38,22.6476158871203,2408300,0.0000,1.0
2005-11-07,38.01,38.1799,37.83,38.03,22.4410847365082,2458400,0.0000,1.0
2005-11-04,38.35,38.38,37.65,37.8,22.305364266106,1821500,0.0000,1.0
2005-11-03,38.0,38.4899,37.931,38.09,22.4764900766132,3672100,0.0000,1.0
2005-11-02,37.35,37.64,37.181,37.64,22.2109500258262,2969400,0.0000,1.0
2005-11-01,37.62,37.66,36.9301,37.25,21.9808153151441,3341800,0.0000,1.0
2005-10-31,37.51,37.99,37.51,37.79,22.2994633760885,2969100,0.0000,1.0
2005-10-28,37.59,37.62,37.07,37.51,22.1342384555988,2986300,0.0000,1.0
2005-10-27,37.83,37.85,37.06,37.39,22.063427775389,2042300,0.0000,1.0
2005-10-26,37.81,38.35,37.71,37.87,22.3466704962284,1676000,0.0000,1.0
2005-10-25,37.9,38.5,37.38,37.81,22.3112651561235,1884000,0.0000,1.0
2005-10-24,36.96,37.8572,36.87,37.79,22.2994633760885,2679700,0.0000,1.0
2005-10-21,37.11,37.68,36.3,36.73,21.6739690342347,2755600,0.0000,1.0
2005-10-20,37.99,38.61,36.8,37.11,21.8982028548993,5287100,0.0000,1.0
2005-10-19,35.95,37.0,35.57,37.0,21.8332930647069,2312600,0.0000,1.0
2005-10-18,36.96,37.06,36.35,36.35,21.4497352135702,1639800,0.0000,1.0
2005-10-17,36.79,37.15,36.72,36.9,21.774284164532,2073900,0.0000,1.0
2005-10-14,36.84,37.09,36.39,36.79,21.7093743743397,2254400,0.0000,1.0
2005-10-13,36.2,36.67,36.08,36.58,21.5854556839724,1806500,0.0000,1.0
2005-10-12,36.51,36.67,36.01,36.42,21.4910414436926,1778800,0.0000,1.0
2005-10-11,36.95,37.11,36.38,36.51,21.54414945385,1563700,0.0000,1.0
2005-10-10,37.55,37.76,36.55,36.74,21.6798699242522,2046200,0.0000,1.0
2005-10-07,37.18,38.06,37.09,37.51,22.1342384555988,1793700,0.0000,1.0
2005-10-06,37.29,37.3,36.52,36.85,21.7447797144446,2350100,0.0000,1.0
2005-10-05,37.54,37.67,37.05,37.29,22.0044188752141,2724700,0.0000,1.0
2005-10-04,38.15,38.38,37.54,37.54,22.1519411256513,2291100,0.0000,1.0
2005-10-03,38.98,38.98,37.96,38.0,22.4233820664558,2273500,0.0000,1.0
2005-09-30,37.64,38.35,37.51,38.23,22.559102536858,2009700,0.0000,1.0
2005-09-29,37.5,37.76,37.11,37.58,22.1755446857213,2664600,0.0000,1.0
2005-09-28,38.59,38.69,37.5,37.65,22.2168509158437,2657700,0.0000,1.0
2005-09-27,38.45,38.68,38.05,38.59,22.7715345774876,2009700,0.0000,1.0
2005-09-26,38.9,39.2,37.71,38.26,22.5768052069105,4915600,0.0000,1.0
2005-09-23,39.5,39.87,39.01,39.4,23.2495066689041,2061100,0.0000,1.0
2005-09-22,38.8,39.73,38.27,39.47,23.2908128990266,5392100,0.0000,1.0
2005-09-21,38.44,38.6,37.91,38.16,22.5177963067356,2626900,0.0000,1.0
2005-09-20,39.05,39.25,38.27,38.66,22.81284080761,1924800,0.0000,1.0
2005-09-19,39.7,39.71,38.78,38.97,22.9957683981521,1729200,0.0000,1.0
2005-09-16,39.58,39.81,38.91,39.58,23.3557226892189,3217000,0.0000,1.0
2005-09-15,40.19,40.24,39.29,39.57,23.3498217992014,3259500,0.0000,1.0
2005-09-14,41.08,41.08,40.04,40.19,23.7156769802857,2747300,0.0000,1.0
2005-09-13,41.51,41.51,40.99,41.07,24.2349553018247,1393100,0.0000,1.0
2005-09-12,41.32,41.64,40.96,41.5,24.4886935725767,2182800,0.0000,1.0
2005-09-09,40.82,41.22,40.67,41.05,24.2231535217897,1551200,0.0000,1.0
2005-09-08,40.95,40.95,40.53,40.62,23.9694152510377,1866900,0.0000,1.0
2005-09-07,40.8,41.14,40.72,40.94,24.1582437315973,1801700,0.0000,1.0
2005-09-06,40.5,40.94,40.37,40.82,24.0874330513875,1916900,0.0000,1.0
2005-09-02,40.5,40.8,40.08,40.21,23.7274787603207,767600,0.0000,2.0
2005-09-01,79.63,80.76,79.62,80.31,23.6950238652245,1622200,0.0000,1.0
2005-08-31,77.57,79.7,77.35,79.62,23.4914431596212,1417750,0.0000,1.0
2005-08-30,77.5,77.76,76.9,77.53,22.8748001527936,1430400,0.0000,1.0
2005-08-29,77.26,77.83,76.94,77.64,22.9072550478898,864850,0.0000,1.0
2005-08-26,77.65,77.67,76.84,77.33,22.8157912526187,1029500,0.0000,1.0
2005-08-25,77.15,78.02,77.05,77.34,22.8187416976275,970800,0.0000,1.0
2005-08-24,77.86,78.41,77.24,77.3,22.8069399175925,959000,0.0000,1.0
2005-08-23,78.65,79.01,77.84,77.85,22.9692143930734,1150550,0.0000,1.0
2005-08-22,79.5,80.05,78.5,78.98,23.3026146790615,1002850,0.0000,1.0
2005-08-19,79.0,79.45,78.68,79.06,23.3262182391315,958150,0.0000,1.0
2005-08-18,78.49,78.79,78.14,78.42,23.1373897585719,688850,0.0000,1.0
2005-08-17,78.55,79.12,78.05,78.86,23.2672093389566,815650,0.0000,1.0
2005-08-16,79.51,79.52,78.51,78.63,23.1993491037555,1497350,0.0000,1.0
2005-08-15,79.7,80.24,79.3,79.95,23.5888078449097,716250,0.0000,1.0
2005-08-12,80.01,80.26,79.02,79.79,23.5416007247698,1016950,0.3200,1.0
2005-08-11,79.93,80.55,79.9,80.55,23.6709017398603,1190250,0.0000,1.0
2005-08-10,79.7,80.63,79.61,79.92,23.4857661955262,1502250,0.0000,1.0
2005-08-09,78.74,79.5,78.74,79.3,23.303569310626,1895150,0.0000,1.0
2005-08-08,78.6,79.04,78.6,78.74,23.139004382329,860850,0.0000,1.0
2005-08-05,78.6,79.0,78.29,78.44,23.0508445993127,827550,0.0000,1.0
2005-08-04,78.95,79.17,78.36,78.73,23.1360657228951,1366050,0.0000,1.0
2005-08-03,78.8,79.83,78.32,79.12,23.2506734408162,1952600,0.0000,1.0
2005-08-02,79.2,79.2,78.74,78.95,23.2007162304404,1853700,0.0000,1.0
2005-08-01,79.0,79.7,78.94,79.07,23.2359801436468,2475050,0.0000,1.0
2005-07-29,78.47,78.68,77.92,78.17,22.9715007945981,1030350,0.0000,1.0
2005-07-28,77.48,78.65,77.32,78.55,23.0831698530854,1186750,0.0000,1.0
2005-07-27,77.51,77.65,76.84,77.4,22.7452240181898,1062550,0.0000,1.0
2005-07-26,76.95,77.39,76.25,77.26,22.7040827861155,1542300,0.0000,1.0
2005-07-25,76.65,77.4,76.02,76.2,22.3925848861248,1004700,0.0000,1.0
2005-07-22,77.08,77.5,76.08,76.7,22.5395178578186,1475850,0.0000,1.0
2005-07-21,78.0,78.82,76.93,77.08,22.6511869163058,1810600,0.0000,1.0
2005-07-20,76.3,77.85,75.7,77.55,22.7893039096979,1400600,0.0000,1.0
2005-07-19,75.88,76.79,75.62,76.5,22.4807446691411,1443900,0.0000,1.0
2005-07-18,74.78,75.7,74.7,75.3,22.1281055370761,1163350,0.0000,1.0
2005-07-15,74.66,74.93,74.454,74.78,21.9752952465146,913950,0.0000,1.0
2005-07-14,74.64,75.1,74.37,74.66,21.9400313333081,1136800,0.0000,1.0
2005-07-13,74.27,74.75,74.27,74.5,21.8930127823661,1064050,0.0000,1.0
2005-07-12,74.95,74.99,74.07,74.32,21.8401169125564,966650,0.0000,1.0
2005-07-11,73.84,75.13,73.84,75.13,22.0781483267002,1516750,0.0000,1.0
2005-07-08,72.46,74.0,72.11,73.83,21.6961226002965,1022000,0.0000,1.0
2005-07-07,70.92,72.55,70.6,72.46,21.2935262578557,1656250,0.0000,1.0
2005-07-06,72.59,72.83,71.71,71.92,21.1348386484265,1187350,0.0000,1.0
2005-07-05,72.14,72.83,71.6,72.58,21.3287901710622,714850,0.0000,1.0
2005-07-01,71.35,72.36,71.16,72.0,21.1583479238975,1096750,0.0000,1.0
2005-06-30,71.8,72.7,71.22,71.35,20.9673350606956,1861950,0.0000,1.0
2005-06-29,73.08,73.43,72.42,72.8,21.3934406786074,785850,0.0000,1.0
2005-06-28,71.49,73.11,71.42,72.99,21.4492752078511,1236850,0.0000,1.0
2005-06-27,70.9,71.5,70.25,70.8,20.8057087918325,1322950,0.0000,1.0
2005-06-24,73.04,73.23,71.54,71.6,21.0408015465425,1704800,0.0000,1.0
2005-06-23,74.5,74.69,72.92,72.95,21.4375205701156,1461200,0.0000,1.0
2005-06-22,74.97,75.13,74.49,74.81,21.9841112248162,1203250,0.0000,1.0
2005-06-21,74.17,75.29,74.02,75.02,22.0458230729276,2316700,0.0000,1.0
2005-06-20,74.4,74.41,73.8,74.1,21.7754664050111,2452900,0.0000,1.0
2005-06-17,74.64,75.02,74.3,74.65,21.9370926738743,2691650,0.0000,1.0
2005-06-16,74.18,74.64,73.83,74.42,21.8695035068951,1863450,0.0000,1.0
2005-06-15,74.84,74.84,73.3,73.64,21.6402880710529,1944350,0.0000,1.0
2005-06-14,75.27,75.7,74.38,74.83,21.989988543684,1516400,0.0000,1.0
2005-06-13,74.55,75.78,74.51,75.02,22.0458230729276,1371650,0.0000,1.0
2005-06-10,74.6,75.03,74.0,74.47,21.8841968040645,1885600,0.0000,1.0
2005-06-09,75.56,75.88,74.22,74.34,21.8459942314241,2233900,0.0000,1.0
2005-06-08,76.52,76.76,75.4,75.46,22.1751240880181,1221300,0.0000,1.0
2005-06-07,75.83,77.07,75.75,76.11,22.3661369512199,1828750,0.0000,1.0
2005-06-06,75.44,75.86,75.17,75.64,22.2280199578278,1668500,0.0000,1.0
2005-06-03,76.9,77.0,75.46,75.47,22.178062747452,2293150,0.0000,1.0
2005-06-02,78.53,78.53,77.35,77.6,22.8039972068673,1475700,0.0000,1.0
2005-06-01,77.6,79.26,77.4,78.82,23.1625136578,1535200,0.0000,1.0
2005-05-31,78.45,78.7,77.33,77.41,22.7481626776237,1831800,0.0000,1.0
2005-05-27,78.8,79.08,78.27,78.4,23.0390899615772,1160450,0.0000,1.0
2005-05-26,78.38,79.08,78.24,78.65,23.1125564474241,993950,0.0000,1.0
2005-05-25,78.35,78.36,77.49,77.76,22.8510157578093,1008100,0.0000,1.0
2005-05-24,79.29,79.29,78.4,78.74,23.139004382329,999450,0.0000,1.0
2005-05-23,79.07,79.77,78.93,79.29,23.3006306511921,1662000,0.0000,1.0
2005-05-20,79.45,79.45,78.71,79.06,23.233041484213,902050,0.0000,1.0
2005-05-19,79.45,79.6,78.79,79.44,23.3447105427002,1419100,0.0000,1.0
2005-05-18,78.57,79.98,78.1,79.4,23.3329559049647,2203750,0.0000,1.0
2005-05-17,77.55,78.63,77.01,78.54,23.0802311936515,2131250,0.0000,1.0
2005-05-16,76.35,77.32,76.02,77.28,22.7099601049833,729650,0.0000,1.0
2005-05-13,75.7,76.48,75.05,75.96,22.3220570597118,1999900,0.0000,1.0
2005-05-12,78.35,78.39,75.6,75.87,22.295609124807,1221700,0.2500,1.0
2005-05-11,78.17,78.62,77.0,78.44,22.9751389877806,995950,0.0000,1.0
2005-05-10,79.4,79.4,77.87,78.17,22.896055770969,1438750,0.0000,1.0
2005-05-09,78.9,79.54,78.55,79.54,23.297329871087,884150,0.0000,1.0
2005-05-06,78.05,79.0,78.05,78.79,23.0776542688326,1105850,0.0000,1.0
2005-05-05,78.83,79.3,77.46,77.88,22.8111145380973,1448050,0.0000,1.0
2005-05-04,77.5,78.9,77.16,78.83,23.0893703009529,977650,0.0000,1.0
2005-05-03,77.44,77.86,76.82,77.22,22.6178000081134,1230200,0.0000,1.0
2005-05-02,76.86,78.2,76.6,77.44,22.6822381847747,1141800,0.0000,1.0
2005-04-29,77.0,77.48,75.46,76.87,22.5152847270614,1884100,0.0000,1.0
2005-04-28,76.65,77.1,75.48,76.23,22.3278282131376,2742600,0.0000,1.0
2005-04-27,77.65,77.87,76.05,77.45,22.6851671928048,1919400,0.0000,1.0
2005-04-26,79.9,80.5,78.15,78.15,22.8901977549089,1969850,0.0000,1.0
2005-04-25,80.46,81.32,79.71,80.31,23.5228634894016,1461550,0.0000,1.0
2005-04-22,79.7,80.48,78.88,79.78,23.3676260638085,1544200,0.0000,1.0
2005-04-21,80.0,80.48,77.51,80.4,23.5492245616721,2880850,0.0000,1.0
2005-04-20,79.75,80.42,78.79,78.81,23.0835122848928,3133350,0.0000,1.0
2005-04-19,77.5,78.52,77.42,78.18,22.8989847789991,2234650,0.0000,1.0
2005-04-18,76.48,77.37,75.8,77.17,22.6031549679631,1920300,0.0000,1.0
2005-04-15,76.4,77.18,75.96,76.25,22.3336862291977,2737450,0.0000,1.0
2005-04-14,80.05,80.05,75.43,76.28,22.3424732532879,4080250,0.0000,1.0
2005-04-13,81.87,82.21,79.96,79.96,23.4203482083495,1526050,0.0000,1.0
2005-04-12,79.6,82.54,79.45,82.36,24.1233101355636,2085550,0.0000,1.0
2005-04-11,80.9,81.1,79.89,79.99,23.4291352324397,1965100,0.0000,1.0
2005-04-08,80.48,80.82,79.8,80.46,23.5667986098524,1716450,0.0000,1.0
2005-04-07,80.65,81.08,80.05,80.19,23.4877153930409,1333600,0.0000,1.0
2005-04-06,80.88,81.46,80.44,80.48,23.5726566259126,892800,0.0000,1.0
2005-04-05,79.79,80.7,79.79,80.31,23.5228634894016,988550,0.0000,1.0
2005-04-04,79.37,80.3,79.02,79.8,23.3734840798686,1992300,0.0000,1.0
2005-04-01,80.2,81.14,79.57,79.72,23.3500520156281,2065650,0.0000,1.0
2005-03-31,79.66,80.54,79.24,79.65,23.3295489594177,1315700,0.0000,1.0
2005-03-30,78.98,79.96,78.77,79.45,23.2709687988165,1749400,0.0000,1.0
2005-03-29,80.7,81.26,78.8,78.98,23.1333054214038,2031450,0.0000,1.0
2005-03-28,82.08,82.1,80.66,80.77,23.6575978587843,1578750,0.0000,1.0
2005-03-24,81.6,82.81,81.47,82.07,24.0383689026919,1510750,0.0000,1.0
2005-03-23,83.52,83.53,80.76,80.83,23.6751719069646,2496200,0.0000,1.0
2005-03-22,84.06,85.645,83.52,83.52,24.4630750670504,1565750,0.0000,1.0
2005-03-21,84.2,84.64,83.4,84.06,24.6212415006736,969250,0.0000,1.0
2005-03-18,83.95,84.68,83.53,84.2,24.6622476130944,1880100,0.0000,1.0
2005-03-17,83.58,84.59,83.52,83.94,24.5860934043129,1425750,0.0000,1.0
2005-03-16,83.15,83.67,82.34,83.02,24.3166246655475,1487600,0.0000,1.0
2005-03-15,84.72,85.23,83.56,83.78,24.5392292758319,992700,0.0000,1.0
2005-03-14,84.33,84.95,83.82,84.57,24.7706209102066,823550,0.0000,1.0
2005-03-11,84.51,85.26,84.05,84.25,24.6768926532447,1345250,0.0000,1.0
2005-03-10,84.62,85.05,82.99,84.47,24.741330829906,1959350,0.0000,1.0
2005-03-09,86.0,86.0,84.55,84.6,24.7794079342968,1749000,0.0000,1.0
2005-03-08,85.95,86.82,85.61,86.15,25.2334041789559,1057150,0.0000,1.0
2005-03-07,87.0,87.92,85.8,86.1,25.2187591388056,2127250,0.0000,1.0
2005-03-04,85.25,87.44,85.05,87.33,25.5790271265028,1835400,0.0000,1.0
2005-03-03,85.15,85.85,84.98,85.04,24.9082842876193,1761400,0.0000,1.0
2005-03-02,84.0,85.66,83.88,85.26,24.9727224642806,1511150,0.0000,1.0
2005-03-01,83.98,85.84,83.75,84.82,24.843846110958,2343950,0.0000,1.0
2005-02-28,82.75,85.25,82.7,84.25,24.6768926532447,2520650,0.0000,1.0
2005-02-25,81.0,83.07,80.6,83.0,24.3107666494874,2120100,0.0000,1.0
2005-02-24,79.25,81.0,78.8,81.0,23.7249650434756,1467950,0.0000,1.0
2005-02-23,79.1,79.61,78.74,79.52,23.2914718550269,992700,0.0000,1.0
2005-02-22,80.2,81.47,78.88,79.03,23.147950461554,1324350,0.0000,1.0
2005-02-18,80.75,81.21,80.24,80.8,23.6663848828744,1147700,0.0000,1.0
2005-02-17,81.3,81.55,80.19,81.0,23.7249650434756,1407600,0.0000,1.0
2005-02-16,80.78,81.62,79.78,81.62,23.9065635413393,1009100,0.0000,1.0
2005-02-15,80.57,81.35,80.35,80.78,23.6605268668143,879400,0.0000,1.0
2005-02-14,81.18,81.52,80.64,80.91,23.6986039712051,816400,0.0000,1.0
2005-02-11,80.21,81.42,79.88,81.28,23.8069772683173,1133150,0.2500,1.0
2005-02-10,80.75,80.77,79.68,80.5,23.5062145234826,1053900,0.0000,1.0
2005-02-09,81.05,81.31,80.57,80.6,23.5354147899714,1274650,0.0000,1.0
2005-02-08,81.0,81.77,80.29,81.24,23.7222964954997,1193000,0.0000,1.0
2005-02-07,80.1,81.5,80.0,80.85,23.6084154561934,2152650,0.0000,1.0
2005-02-04,78.54,80.88,78.54,80.78,23.5879752696513,1890600,0.0000,1.0
2005-02-03,77.0,79.89,76.96,79.08,23.0915707393417,3254550,0.0000,1.0
2005-02-02,77.49,77.95,76.79,77.05,22.4988053296191,6921150,0.0000,1.0
2005-02-01,76.65,78.01,76.11,77.72,22.694447115094,2906250,0.0000,1.0
2005-01-31,74.73,74.73,74.02,74.38,21.7191582143682,2485550,0.0000,1.0
2005-01-28,73.77,74.6,73.6,73.82,21.5556367220309,1702050,0.0000,1.0
2005-01-27,73.44,74.48,71.75,73.84,21.5614767753287,1619050,0.0000,1.0
2005-01-26,74.1,74.36,73.56,73.87,21.5702368552753,1531050,0.0000,1.0
2005-01-25,73.55,74.67,73.39,73.67,21.5118363222977,1109250,0.0000,1.0
2005-01-24,74.25,74.65,73.0,73.07,21.3366347233649,1295300,0.0000,1.0
2005-01-21,75.0,75.25,73.72,73.83,21.5585567486798,1350650,0.0000,1.0
2005-01-20,75.45,75.75,74.61,74.93,21.8797596800566,1362400,0.0000,1.0
2005-01-19,76.45,77.0,76.16,76.22,22.2564431177621,1029600,0.0000,1.0
2005-01-18,76.75,76.89,75.36,76.56,22.355724023824,1110500,0.0000,1.0
2005-01-14,75.87,77.1,75.87,76.95,22.4696050631303,983900,0.0000,1.0
2005-01-13,75.55,76.37,75.27,75.75,22.1192018652647,1312050,0.0000,1.0
2005-01-12,75.03,75.77,74.5,75.6,22.0754014655315,1584500,0.0000,1.0
2005-01-11,75.1,75.39,73.7,75.03,21.9089599465454,2184600,0.0000,1.0
2005-01-10,74.7,75.9,74.7,75.24,21.9702805061718,1588750,0.0000,1.0
2005-01-07,75.85,76.2,75.12,75.25,21.9732005328207,1719950,0.0000,1.0
2005-01-06,76.09,76.79,75.54,75.65,22.0900015987759,2228550,0.0000,1.0
2005-01-05,77.45,77.53,75.55,75.55,22.0608013322871,1885250,0.0000,1.0
2005-01-04,78.85,79.16,76.73,77.29,22.5688859691922,1847050,0.0000,1.0
2005-01-03,80.5,81.18,78.82,78.87,23.0302501797152,1679400,0.0000,1.0
2004-12-31,80.51,80.8,80.06,80.3,23.447813990505,673450,0.0000,1.0
2004-12-30,81.04,81.05,80.19,80.5,23.5062145234826,1053150,0.0000,1.0
2004-12-29,81.65,81.65,80.82,81.04,23.6638959625222,968500,0.0000,1.0
2004-12-28,81.05,81.77,80.703,81.65,23.8420175881038,904400,0.0000,1.0
2004-12-27,82.14,82.14,80.4,81.05,23.666815989171,884900,0.0000,1.0
2004-12-23,81.91,82.9,81.84,82.0,23.9442185208146,1122900,0.0000,1.0
2004-12-22,80.6,82.35,80.6,81.9,23.9150182543258,1271150,0.0000,1.0
2004-12-21,80.0,81.0,79.71,80.94,23.6346956960334,1232200,0.0000,1.0
2004-12-20,80.1,81.47,80.0,80.0,23.3602131910386,1146200,0.0000,1.0
2004-12-17,80.4,80.82,79.67,79.85,23.3164127913054,1569500,0.0000,1.0
2004-12-16,79.78,80.79,79.25,80.5,23.5062145234826,1669900,0.0000,1.0
2004-12-15,78.6,79.94,78.37,79.78,23.2959726047633,1558450,0.0000,1.0
2004-12-14,78.03,78.97,77.9,78.93,23.0477703396085,1783450,0.0000,1.0
2004-12-13,76.81,78.17,76.71,78.03,22.7849679412093,930700,0.0000,1.0
2004-12-10,76.99,77.75,76.7,76.8,22.4258046633971,938350,0.0000,1.0
2004-12-09,75.73,77.19,74.34,77.12,22.5192455161613,1432250,0.0000,1.0
2004-12-08,75.5,75.83,74.96,75.73,22.113361811967,1068550,0.0000,1.0
2004-12-07,76.45,76.99,75.44,75.47,22.0374411190961,975300,0.0000,1.0
2004-12-06,76.47,76.72,75.938,76.39,22.306083570793,1185000,0.0000,1.0
2004-12-03,76.65,77.48,76.01,76.47,22.3294437839841,989550,0.0000,1.0
2004-12-02,77.4,77.4,76.16,76.9,22.4550049298859,1243850,0.0000,1.0
2004-12-01,74.42,77.42,74.42,77.42,22.6068463156277,2655450,0.0000,1.0
2004-11-30,74.25,74.6,73.77,74.42,21.7308383209637,1291400,0.0000,1.0
2004-11-29,75.0,75.0,73.15,74.49,21.7512785075059,1299550,0.0000,1.0
2004-11-26,74.42,75.0,74.41,74.99,21.8972798399498,403350,0.0000,1.0
2004-11-24,73.72,74.84,73.69,74.68,21.8067590138346,809150,0.0000,1.0
2004-11-23,74.0,74.3,72.87,73.78,21.5439566154354,1535450,0.0000,1.0
2004-11-22,73.25,74.08,72.65,73.6286,21.4997474119714,1063400,0.0000,1.0
2004-11-19,74.94,74.94,73.01,73.52,21.4680359225645,1669650,0.0000,1.0
2004-11-18,74.2,74.85,73.94,74.58,21.7775587473458,1246950,0.0000,1.0
2004-11-17,73.85,74.62,73.85,74.07,21.6286373882529,1023850,0.0000,1.0
2004-11-16,73.4,73.78,73.11,73.42,21.4388356560757,1046250,0.0000,1.0
2004-11-15,74.75,74.75,73.6,73.9,21.578996935222,791850,0.0000,1.0
2004-11-12,74.25,74.73,73.8,74.58,21.7775587473458,1484350,0.0000,1.0
2004-11-11,73.5,74.18,73.02,74.13,21.6461575481462,1488100,0.0000,1.0
2004-11-10,73.88,73.9,72.78,73.03,21.3249546167694,1259000,0.2500,1.0
2004-11-09,72.55,74.0,72.41,73.9,21.5053786323589,2153800,0.0000,1.0
2004-11-08,71.6,72.64,71.5,72.55,21.1125198887366,1496250,0.0000,1.0
2004-11-05,71.45,72.37,71.45,71.89,20.9204556140769,2295150,0.0000,1.0
2004-11-04,69.25,71.5,69.21,71.3,20.7487617927901,1791200,0.0000,1.0
2004-11-03,69.67,69.8,69.21,69.78,20.3064319481191,1772800,0.0000,1.0
2004-11-02,68.44,69.45,67.6,68.69,19.9892348884537,2364400,0.0000,1.0
2004-11-01,68.73,68.98,68.21,68.44,19.9164832692644,1271400,0.0000,1.0
2004-10-29,68.35,68.91,67.92,68.44,19.9164832692644,1122900,0.0000,1.0
2004-10-28,68.35,68.49,67.72,68.21,19.8495517796103,923850,0.0000,1.0
2004-10-27,67.9,68.83,67.45,68.6,19.9630443055456,1088100,0.0000,1.0
2004-10-26,67.3,68.22,66.84,68.22,19.8524618443778,1219550,0.0000,1.0
2004-10-25,65.75,67.48,65.71,67.19,19.5527251733179,1671400,0.0000,1.0
2004-10-22,67.38,67.75,66.0,66.13,19.2442583079552,2063150,0.0000,1.0
2004-10-21,66.98,68.02,64.74,66.22,19.2704488908634,5171000,0.0000,1.0
2004-10-20,67.7,68.17,66.8,68.1,19.817541067167,2221400,0.0000,1.0
2004-10-19,67.88,69.27,67.29,67.5,19.6429371811126,1946200,0.0000,1.0
2004-10-18,67.56,67.56,66.55,67.22,19.5614553676206,1340500,0.0000,1.0
2004-10-15,67.28,67.95,67.05,67.81,19.7331491889074,1494250,0.0000,1.0
2004-10-14,68.25,68.33,66.61,67.35,19.5992862095991,1956500,0.0000,1.0
2004-10-13,68.87,69.2,67.59,68.38,19.899022880659,1538450,0.0000,1.0
2004-10-12,68.6,69.24,68.22,68.89,20.0474361838052,895300,0.0000,1.0
2004-10-11,69.0,69.61,68.99,69.24,20.1492884506702,870000,0.0000,1.0
2004-10-08,69.35,69.75,68.9,68.95,20.0648965724106,1396350,0.0000,1.0
2004-10-07,70.1,70.6,69.7,69.75,20.2977017538164,1646850,0.0000,1.0
2004-10-06,69.12,70.32,68.74,70.19,20.4257446035896,1825900,0.0000,1.0
2004-10-05,69.32,69.5,68.92,69.11,20.1114576086918,1406100,0.0000,1.0
2004-10-04,69.45,69.92,69.0,69.3,20.1667488392756,2134400,0.0000,1.0
2004-10-01,67.99,69.07,67.88,68.69,19.9892348884537,2126250,0.0000,1.0
2004-09-30,67.11,68.15,66.6,67.97,19.7797102251885,1908500,0.0000,1.0
2004-09-29,64.9,67.81,64.71,67.08,19.5207144608746,3184200,0.0000,1.0
2004-09-28,64.35,65.41,63.68,65.13,18.953251831198,2166200,0.0000,1.0
2004-09-27,64.3,64.56,63.86,64.1,18.6535151601381,1307700,0.0000,1.0
2004-09-24,64.45,65.32,64.45,64.82,18.8630398234033,704600,0.0000,1.0
2004-09-23,65.22,65.42,64.26,64.63,18.8077485928194,1479450,0.0000,1.0
2004-09-22,66.5,66.71,65.38,65.58,19.0842047457388,1145450,0.0000,1.0
2004-09-21,66.47,67.3,66.3,66.84,19.4508729064529,796750,0.0000,1.0
2004-09-20,66.0,66.94,65.96,66.33,19.3024596033067,1002100,0.0000,1.0
2004-09-17,66.45,66.98,66.03,66.25,19.2791790851661,990450,0.0000,1.0
2004-09-16,65.7,66.08,65.44,66.03,19.2151576602795,1387950,0.0000,1.0
2004-09-15,66.22,66.4776,65.45,65.6,19.0900248752739,1059800,0.0000,1.0
2004-09-14,67.03,67.32,66.58,66.76,19.4275923883123,1310800,0.0000,1.0
2004-09-13,67.1,67.8,66.63,66.64,19.3926716111014,1472450,0.0000,1.0
2004-09-10,66.76,67.25,66.28,67.0,19.497433942734,1083950,0.0000,1.0
2004-09-09,67.75,68.22,66.57,66.75,19.4246823235447,1642450,0.0000,1.0
2004-09-08,68.4,68.6,67.62,67.62,19.6778579583235,1153450,0.0000,1.0
2004-09-07,67.85,69.2,67.8,68.68,19.9863248236862,1445400,0.0000,1.0
2004-09-03,67.2,67.51,66.9,67.3,19.5847358857612,922950,0.0000,1.0
2004-09-02,65.1,67.58,65.06,67.51,19.6458472458802,2060500,0.0000,1.0
2004-09-01,64.65,65.14,64.5,65.03,18.9241511835223,990200,0.0000,1.0
2004-08-31,65.45,65.6,64.62,65.01,18.9183310539872,1478200,0.0000,1.0
2004-08-30,65.65,66.51,65.39,65.6,19.0900248752739,1021500,0.0000,1.0
2004-08-27,65.7,66.31,65.23,66.21,19.2675388260958,947350,0.0000,1.0
2004-08-26,64.9,66.63,64.75,65.89,19.1744167535335,2327300,0.0000,1.0
2004-08-25,64.13,64.51,63.33,64.5,18.769917750841,1390950,0.0000,1.0
2004-08-24,64.18,65.0,64.09,64.35,18.7262667793274,1270400,0.0000,1.0
2004-08-23,63.4,63.96,63.15,63.53,18.4876414683865,881250,0.0000,1.0
2004-08-20,62.63,63.75,62.5,63.48,18.4730911445486,1156200,0.0000,1.0
2004-08-19,64.13,64.25,62.29,62.62,18.2228255745374,2269250,0.0000,1.0
2004-08-18,64.09,64.41,63.46,64.15,18.6680654839759,1409750,0.0000,1.0
2004-08-17,65.48,65.68,63.93,64.2,18.6826158078138,1539800,0.0000,1.0
2004-08-16,62.63,64.46,62.28,64.32,18.7175365850247,1200750,0.0000,1.0
2004-08-13,63.26,63.73,62.05,62.2,18.1006028542994,2175050,0.2500,1.0
2004-08-12,64.7,64.85,63.7,63.88,18.5150762263033,1074800,0.0000,1.0
2004-08-11,64.35,65.41,63.82,65.11,18.8715812945305,1358650,0.0000,1.0
2004-08-10,63.85,65.03,63.72,64.97,18.8310034818868,1243350,0.0000,1.0
2004-08-09,63.45,64.39,62.95,63.6,18.4339206010158,1409850,0.0000,1.0
2004-08-06,65.1,65.2,62.86,63.3,18.3469681453507,3160000,0.0000,1.0
2004-08-05,67.5,67.51,65.06,65.28,18.9208543527408,1580900,0.0000,1.0
2004-08-04,68.05,68.56,66.95,67.5,19.564302524663,2564700,0.0000,1.0
2004-08-03,67.9,68.5,67.45,68.17,19.7584963423152,1655100,0.0000,1.0
2004-08-02,67.9,68.3,67.51,68.16,19.7555979271264,1915550,0.0000,1.0
2004-07-30,69.3,69.63,68.56,68.69,19.9092139321349,897150,0.0000,1.0
2004-07-29,68.61,69.89,68.59,69.41,20.1178998257313,1915400,0.0000,1.0
2004-07-28,67.52,68.82,67.3,68.61,19.8860266106242,1603050,0.0000,1.0
2004-07-27,66.7,67.72,66.26,67.52,19.5700993550407,1650600,0.0000,1.0
2004-07-26,66.3,67.12,65.67,66.3,19.2164927020024,1381800,0.0000,1.0
2004-07-23,66.75,67.23,65.83,66.29,19.2135942868135,1954700,0.0000,1.0
2004-07-22,65.75,66.51,63.97,66.06,19.1469307374702,3664200,0.0000,1.0
2004-07-21,66.52,67.04,65.38,65.5,18.9846194868952,1836300,0.0000,1.0
2004-07-20,66.15,66.81,66.14,66.27,19.2077974564358,1342250,0.0000,1.0
2004-07-19,66.41,66.59,65.27,66.15,19.1730164741698,1633100,0.0000,1.0
2004-07-16,67.85,67.99,66.6,66.65,19.3179372336117,980150,0.0000,1.0
2004-07-15,66.85,67.17,66.22,66.83,19.3701087070108,1393200,0.0000,1.0
2004-07-14,66.13,66.9,65.71,66.08,19.1527275678479,1244100,0.0000,1.0
2004-07-13,65.82,66.51,65.76,66.32,19.22228953238,1102350,0.0000,1.0
2004-07-12,65.13,65.8,64.85,65.48,18.9788226565176,932850,0.0000,1.0
2004-07-09,63.86,65.2,63.86,65.11,18.8715812945305,1667000,0.0000,1.0
2004-07-08,64.3,64.59,63.66,63.66,18.4513110921489,1632950,0.0000,1.0
2004-07-07,65.28,65.68,64.9,65.02,18.845495557831,1378450,0.0000,1.0
2004-07-06,66.09,66.09,64.67,64.98,18.8339018970756,1974250,0.0000,1.0
2004-07-02,67.65,67.65,66.01,66.34,19.2280863627577,1367150,0.0000,1.0
2004-07-01,68.54,68.77,67.33,67.95,19.6947312081608,1724350,0.0000,1.0
2004-06-30,67.73,68.5,66.5,68.31,19.799074154959,1833650,0.0000,1.0
2004-06-29,67.34,67.81,67.02,67.36,19.5237247120193,1540550,0.0000,1.0
2004-06-28,69.7,69.7,67.31,67.37,19.5266231272081,2090050,0.0000,1.0
2004-06-25,68.12,68.97,67.85,68.18,19.7613947575041,945850,0.0000,1.0
2004-06-24,68.36,68.69,67.87,68.23,19.7758868334483,1733600,0.0000,1.0
2004-06-23,67.8,68.26,67.42,68.15,19.7526995119376,1828150,0.0000,1.0
2004-06-22,67.83,68.24,67.06,67.92,19.6860359625943,1366800,0.0000,1.0
2004-06-21,68.7,68.87,67.98,68.05,19.7237153600492,849600,0.0000,1.0
2004-06-18,67.94,68.95,67.69,68.6,19.8831281954353,802000,0.0000,1.0
2004-06-17,68.51,68.66,68.01,68.3,19.7961757397702,1129150,0.0000,1.0
2004-06-16,68.76,69.0,68.38,68.83,19.9497917447786,1030500,0.0000,1.0
2004-06-15,67.76,69.34,67.76,68.75,19.9266044232679,1207300,0.0000,1.0
2004-06-14,67.45,68.01,67.2,67.67,19.6135755828733,807400,0.0000,1.0
2004-06-10,68.12,68.38,67.75,68.24,19.7787852486371,797250,0.0000,1.0
2004-06-09,68.65,69.05,67.9,67.91,19.6831375474054,1605800,0.0000,1.0
2004-06-08,67.65,69.02,67.32,68.7,19.9121123473237,1913150,0.0000,1.0
2004-06-07,67.31,68.52,67.22,68.34,19.8077694005255,1234450,0.0000,1.0
2004-06-04,66.9,67.44,66.36,66.57,19.294749912101,1630200,0.0000,1.0
2004-06-03,65.3,66.74,65.12,65.9,19.1005560944488,1694700,0.0000,1.0
2004-06-02,65.4,66.12,65.18,65.84,19.0831656033158,1450550,0.0000,1.0
2004-06-01,65.31,65.73,64.84,65.34,18.9382448438738,1184250,0.0000,1.0
2004-05-28,65.48,65.52,65.03,65.3,18.9266511831185,798750,0.0000,1.0
2004-05-27,65.5,66.71,65.03,65.57,19.0049083932171,1742750,0.0000,1.0
2004-05-26,65.5,65.71,64.76,65.01,18.8425971426421,1089200,0.0000,1.0
2004-05-25,64.0,65.36,63.3,65.14,18.880276540097,2098950,0.0000,1.0
2004-05-24,63.25,64.49,63.2,64.09,18.5759429452689,2517750,0.0000,1.0
2004-05-21,61.95,62.35,61.22,62.12,18.0049551530677,1912650,0.0000,1.0
2004-05-20,62.47,62.47,61.12,61.55,17.8397454873039,1786950,0.0000,1.0
2004-05-19,63.67,64.78,62.42,62.47,18.106399684677,1570000,0.0000,1.0
2004-05-18,62.85,62.94,61.84,62.81,18.2049458010976,1964250,0.0000,1.0
2004-05-17,61.75,61.89,60.92,61.27,17.7585898620164,1948700,0.0000,1.0
2004-05-14,62.59,63.91,61.9,63.07,18.2803045960074,1316100,0.0000,1.0
2004-05-13,62.8,63.75,62.19,62.68,18.1672664036427,1441900,0.1900,1.0
2004-05-12,63.48,63.65,61.63,63.58,18.3724319698362,2488450,0.0000,1.0
2004-05-11,61.9,62.84,61.09,62.48,18.0545698250293,2467300,0.0000,1.0
2004-05-10,62.55,63.0,59.04,60.96,17.6153421340235,4732800,0.0000,1.0
2004-05-07,64.75,65.54,63.26,63.99,18.4909078601733,1922400,0.0000,1.0
2004-05-06,65.7,65.7,64.38,64.95,18.7683148229138,1686050,0.0000,1.0
2004-05-05,66.0,66.36,65.45,65.84,19.0254941946212,1818150,0.0000,1.0
2004-05-04,65.1,66.2,64.4,66.0,19.0717286884112,2495950,0.0000,1.0
2004-05-03,64.68,65.26,64.4,65.2,18.8405562194608,1683300,0.0000,1.0
2004-04-30,65.3,65.8,64.14,64.55,18.6527285884386,2071300,0.0000,1.0
2004-04-29,66.3,66.31,64.75,65.16,18.8289975960133,2710200,0.0000,1.0
2004-04-28,68.4,68.5,66.14,66.42,19.1930942346102,2338200,0.0000,1.0
2004-04-27,68.49,69.52,68.43,68.57,19.8143702449145,1644500,0.0000,1.0
2004-04-26,69.85,69.89,68.48,68.6,19.8230392125002,1832800,0.0000,1.0
2004-04-23,70.0,70.35,68.35,69.4,20.0542116814506,2581350,0.0000,1.0
2004-04-22,70.25,72.2,70.01,72.17,20.8546463551915,2697650,0.0000,1.0
2004-04-21,70.35,70.8,69.58,69.85,20.1842461952352,2125500,0.0000,1.0
2004-04-20,72.25,72.9,70.67,70.81,20.4616531579758,2743750,0.0000,1.0
2004-04-19,72.69,72.77,71.37,72.0,20.8055222055395,1281750,0.0000,1.0
2004-04-16,71.34,73.56,70.96,72.68,21.0020188041474,2584750,0.0000,1.0
2004-04-15,70.75,72.0,70.75,71.33,20.6119152627936,1739150,0.0000,1.0
2004-04-14,69.43,71.74,69.4,70.75,20.4443152228045,1512400,0.0000,1.0
2004-04-13,71.26,71.52,69.52,69.83,20.1784668835115,1835900,0.0000,1.0
2004-04-12,70.53,71.71,70.53,71.26,20.5916876717604,629100,0.0000,1.0
2004-04-08,70.65,71.59,70.22,70.47,20.3634048586718,1434650,0.0000,1.0
2004-04-07,71.71,71.86,70.08,70.5,20.3720738262575,1501350,0.0000,1.0
2004-04-06,69.95,72.15,69.8,71.71,20.721722185545,2175700,0.0000,1.0
2004-04-05,69.5,70.32,69.03,70.32,20.3200600207436,1232050,0.0000,1.0
2004-04-02,68.84,70.1,68.5,69.83,20.1784668835115,1550200,0.0000,1.0
2004-04-01,67.48,68.5,67.18,67.36,19.464721885627,1208150,0.0000,1.0
2004-03-31,67.95,68.38,67.26,67.65,19.5485219056215,1238850,0.0000,1.0
2004-03-30,67.84,68.25,67.06,68.1,19.6785564194061,1447300,0.0000,1.0
2004-03-29,67.3,68.62,67.28,68.34,19.7479081600913,1227200,0.0000,1.0
2004-03-26,66.35,66.96,65.44,66.6,19.2451080401241,1416250,0.0000,1.0
2004-03-25,65.43,66.61,65.34,66.35,19.1728666435771,1202400,0.0000,1.0
2004-03-24,64.45,65.75,64.14,65.05,18.7972113815326,2276350,0.0000,1.0
2004-03-23,64.4,65.08,64.24,64.7,18.6960734263668,1998650,0.0000,1.0
2004-03-22,65.0,65.1,63.62,64.08,18.5169147629302,1598550,0.0000,1.0
2004-03-19,66.35,67.0,65.4,65.6,18.956142453936,1203250,0.0000,1.0
2004-03-18,65.85,66.49,64.67,66.28,19.1526390525439,1534550,0.0000,1.0
2004-03-17,64.67,66.45,64.67,66.21,19.1324114615107,1542200,0.0000,1.0
2004-03-16,64.0,64.93,63.99,64.67,18.6874044587811,1416850,0.0000,1.0
2004-03-15,64.52,64.68,63.19,63.62,18.3839905932837,1709350,0.0000,1.0
2004-03-12,63.43,64.65,63.36,64.51,18.6411699649911,2275500,0.0000,1.0
2004-03-11,63.81,64.4,62.54,62.58,18.0834663836481,2401550,0.0000,1.0
2004-03-10,66.0,66.84,63.45,63.45,18.3348664436317,3653050,0.0000,1.0
2004-03-09,65.85,66.31,64.6,64.89,18.7509768877425,1501850,0.0000,1.0
2004-03-08,66.7,67.3,65.98,65.98,19.0659493766875,1224300,0.0000,1.0
2004-03-05,67.0,67.83,66.7,66.98,19.3549149628755,1360750,0.0000,1.0
2004-03-04,67.5,67.61,66.9,67.16,19.4069287683894,1033750,0.0000,1.0
2004-03-03,66.9,67.53,65.92,67.25,19.4329356711463,972300,0.0000,1.0
2004-03-02,67.53,68.38,67.4,67.4,19.4762805090745,1368550,0.0000,1.0
2004-03-01,67.58,67.99,67.15,67.52,19.5109563794171,1783050,0.0000,1.0
2004-02-27,66.03,67.14,65.84,66.48,19.2104321697815,2906600,0.0000,1.0
2004-02-26,65.6,66.48,65.6,65.95,19.0572804091018,2604650,0.0000,1.0
2004-02-25,64.72,66.36,64.32,66.0,19.0717286884112,1993300,0.0000,1.0
2004-02-24,65.77,65.85,64.46,64.72,18.7018527380905,1446050,0.0000,1.0
2004-02-23,66.72,67.1,65.59,65.85,19.028383850483,1366400,0.0000,1.0
2004-02-20,67.25,67.25,65.81,66.32,19.1641976759914,1094100,0.0000,1.0
2004-02-19,67.5,68.08,67.04,67.09,19.3867011773562,882150,0.0000,1.0
2004-02-18,67.55,67.98,66.78,67.06,19.3780322097706,986050,0.0000,1.0
2004-02-17,67.5,68.5,67.18,67.77,19.5831977759641,1198650,0.0000,1.0
2004-02-13,67.5,67.66,66.28,66.63,19.2537770077097,1301950,0.0000,1.0
2004-02-12,67.2,67.7,66.79,67.0,19.3606942745993,1110350,0.1900,1.0
2004-02-11,66.07,67.96,65.81,67.76,19.524938890413,1627600,0.0000,1.0
2004-02-10,66.3,66.59,65.36,65.79,18.957286446285,1648000,0.0000,1.0
2004-02-09,66.45,66.79,65.5,66.46,19.1503459069783,1344000,0.0000,1.0
2004-02-06,64.65,66.74,64.65,66.39,19.1301755155625,1888000,0.0000,1.0
2004-02-05,64.32,65.64,64.13,65.29,18.813212221887,2655850,0.0000,1.0
2004-02-04,64.46,64.85,63.88,64.1,18.4703155678198,2209750,0.0000,1.0
2004-02-03,65.75,65.75,64.65,65.06,18.7469380786639,1677650,0.0000,1.0
2004-02-02,66.6,67.12,65.58,65.98,19.0120346515562,2005200,0.0000,1.0
2004-01-30,66.1,66.68,65.02,66.53,19.170516298394,3136600,0.0000,1.0
2004-01-29,67.4,67.4,65.13,66.0,19.0177976205321,2217400,0.0000,1.0
2004-01-28,68.6,68.84,66.37,67.05,19.3203534917679,2293000,0.0000,1.0
2004-01-27,71.46,71.46,67.97,68.01,19.596976002612,2939900,0.0000,1.0
2004-01-26,72.0,72.65,70.4,71.47,20.5939696354459,1786100,0.0000,1.0
2004-01-23,70.73,72.25,69.32,72.25,20.8187254255068,3108950,0.0000,1.0
2004-01-22,70.45,70.99,69.95,70.74,20.3836212678249,1275150,0.0000,1.0
2004-01-21,69.3,70.8,68.75,70.8,20.4009101747526,1568600,0.0000,1.0
2004-01-20,69.89,69.95,68.5,69.3,19.9686875015587,1707200,0.0000,1.0
2004-01-16,69.74,70.31,69.23,69.96,20.1588654777641,973900,0.0000,1.0
2004-01-15,69.0,69.58,68.63,69.55,20.0407246137577,1074800,0.0000,1.0
2004-01-14,68.5,69.51,68.5,69.25,19.9542800791189,1915300,0.0000,1.0
2004-01-13,67.5,68.48,66.85,67.3,19.3923906039669,2030600,0.0000,1.0
2004-01-12,66.31,66.48,65.53,66.0,19.0177976205321,1420600,0.0000,1.0
2004-01-09,67.95,67.95,66.15,66.38,19.1272940310746,1338750,0.0000,1.0
2004-01-08,67.67,68.12,67.05,67.95,19.5796870956842,1212800,0.0000,1.0
2004-01-07,67.02,67.75,66.53,67.62,19.4845981075816,1728100,0.0000,1.0
2004-01-06,67.29,67.58,66.48,66.5,19.1618718449301,1331500,0.0000,1.0
2004-01-05,67.19,67.97,67.19,67.82,19.5422277973407,1003100,0.0000,1.0
2004-01-02,66.75,67.84,66.73,67.03,19.3145905227919,1013350,0.0000,1.0
2003-12-31,67.63,68.04,67.49,67.88,19.5595167042685,612200,0.0000,1.0
2003-12-30,68.04,68.19,67.44,67.62,19.4845981075816,678200,0.0000,1.0
2003-12-29,67.5,68.05,67.4,68.04,19.6056204560759,705250,0.0000,1.0
2003-12-26,66.68,67.5,66.64,67.4,19.4212054488464,304350,0.0000,1.0
2003-12-24,66.8,66.8,66.38,66.67,19.2108570812254,451050,0.0000,1.0
2003-12-23,66.6,67.2,66.28,66.89,19.2742497399605,924350,0.0000,1.0
2003-12-22,66.27,67.16,66.14,67.06,19.3232349762558,1375300,0.0000,1.0
2003-12-19,66.8,67.2,66.18,66.72,19.2252645036652,1602550,0.0000,1.0
2003-12-18,65.52,67.0,64.68,66.76,19.236790441617,2246300,0.0000,1.0
2003-12-17,66.53,66.53,65.11,65.52,18.8794863651101,1599150,0.0000,1.0
2003-12-16,65.93,66.76,65.93,66.53,19.170516298394,2288250,0.0000,1.0
2003-12-15,65.89,66.8,65.7,65.93,18.9976272291164,1619700,0.0000,1.0
2003-12-12,65.05,65.17,64.43,65.01,18.7325306562241,660300,0.0000,1.0
2003-12-11,63.55,65.09,63.55,65.08,18.7527010476399,1198750,0.0000,1.0
2003-12-10,64.9,64.9,63.16,63.55,18.3118339209821,1626800,0.0000,1.0
2003-12-09,64.4,65.52,64.39,65.15,18.7728714390556,1728600,0.0000,1.0
2003-12-08,63.4,64.44,63.31,64.39,18.5538786179707,1081200,0.0000,1.0
2003-12-05,62.76,64.0,62.76,63.43,18.2772561071266,1098100,0.0000,1.0
2003-12-04,62.9,62.97,62.42,62.72,18.0726707084814,1783950,0.0000,1.0
2003-12-03,62.78,63.47,62.76,62.99,18.1504707896563,882650,0.0000,1.0
2003-12-02,63.0,63.0,62.53,62.81,18.0986040688731,856700,0.0000,1.0
2003-12-01,62.34,63.2,62.34,63.07,18.17352266556,1264600,0.0000,1.0
2003-11-28,61.79,62.34,61.65,62.34,17.963174297939,289800,0.0000,1.0
2003-11-26,61.69,61.89,60.76,61.79,17.8046926511012,931200,0.0000,1.0
2003-11-25,60.79,62.12,60.74,61.86,17.8248630425169,1557950,0.0000,1.0
2003-11-24,59.37,60.5,59.32,60.44,17.4156922452267,1055650,0.0000,1.0
2003-11-21,59.0,59.15,58.54,58.83,16.9517732426652,523700,0.0000,1.0
2003-11-20,58.6,59.7,58.19,58.96,16.9892325410087,1134650,0.0000,1.0
2003-11-19,57.97,58.98,57.5,58.79,16.9402473047134,942750,0.0000,1.0
2003-11-18,58.89,59.22,57.9,58.01,16.7154915146526,833800,0.0000,1.0
2003-11-17,59.53,59.53,57.98,58.63,16.894143552906,866600,0.0000,1.0
2003-11-14,59.59,60.7,59.34,59.53,17.1534771568224,810900,0.0000,1.0
2003-11-13,60.17,60.75,59.7,59.86,17.2485661449251,913550,0.1900,1.0
2003-11-12,58.9,60.64,58.9,60.39,17.3462266360037,973400,0.0000,1.0
2003-11-11,58.92,59.05,58.4,58.63,16.8406899763023,858850,0.0000,1.0
2003-11-10,59.67,59.85,58.69,58.82,16.895264956611,1233550,0.0000,1.0
2003-11-07,61.45,61.8,60.14,60.21,17.2945240230797,1137300,0.0000,1.0
2003-11-06,60.9,61.49,60.62,61.42,17.6420804766244,1277000,0.0000,1.0
2003-11-05,59.61,60.34,59.52,60.17,17.2830345535411,649400,0.0000,1.0
2003-11-04,59.52,60.78,59.38,60.02,17.239949042771,1272900,0.0000,1.0
2003-11-03,60.4,60.67,59.24,59.52,17.0963306735377,2417350,0.0000,1.0
2003-10-31,60.75,60.75,60.09,60.4,17.3490990033884,929350,0.0000,1.0
2003-10-30,60.98,61.05,59.92,60.78,17.4582489640057,1530300,0.0000,1.0
2003-10-29,59.75,60.72,59.7,60.68,17.4295252901591,1274650,0.0000,1.0
2003-10-28,59.17,60.0,58.87,60.0,17.2342043080017,1623300,0.0000,1.0
2003-10-27,58.45,59.44,58.35,59.05,16.9613294064584,1344750,0.0000,1.0
2003-10-24,57.27,57.9,57.21,57.63,16.5534532378356,1340350,0.0000,1.0
2003-10-23,56.44,58.38,56.44,57.86,16.619517687683,2389150,0.0000,1.0
2003-10-22,56.45,57.25,55.44,56.43,16.2087691516756,2499200,0.0000,1.0
2003-10-21,57.0,57.21,56.09,56.32,16.1771731104443,1505500,0.0000,1.0
2003-10-20,57.6,58.29,56.61,56.7,16.2863230710616,1685900,0.0000,1.0
2003-10-17,57.81,58.55,56.95,57.15,16.4155796033716,1411000,0.0000,1.0
2003-10-16,59.63,59.63,57.5,57.81,16.6051558507597,2717950,0.0000,1.0
2003-10-15,59.5,59.85,58.75,59.63,17.127926714769,1893500,0.0000,1.0
2003-10-14,58.88,59.08,58.66,59.06,16.964201773843,867100,0.0000,1.0
2003-10-13,58.7,59.49,58.7,59.12,16.981435978151,476000,0.0000,1.0
2003-10-10,58.5,59.19,58.33,58.52,16.809093935071,1158100,0.0000,1.0
2003-10-09,58.2,59.3,58.14,58.51,16.8062215676863,1879000,0.0000,1.0
2003-10-08,56.87,57.75,56.85,57.45,16.5017506249116,1150300,0.0000,1.0
2003-10-07,56.5,56.88,55.73,56.67,16.2777059689076,1045000,0.0000,1.0
2003-10-06,56.08,56.89,55.85,56.47,16.2202586212143,802650,0.0000,1.0
2003-10-03,56.2,57.55,55.76,55.9,16.0565336802883,1793450,0.0000,1.0
2003-10-02,54.81,55.4,54.59,55.19,15.8525955959769,877500,0.0000,1.0
2003-10-01,53.4,54.77,53.22,54.77,15.7319561658209,1674650,0.0000,1.0
2003-09-30,53.2,54.1,52.53,53.44,15.3499313036602,1555950,0.0000,1.0
2003-09-29,53.09,53.63,52.71,53.35,15.3240799971982,1172100,0.0000,1.0
2003-09-26,52.65,53.21,52.4,52.92,15.2005681996575,1795200,0.0000,1.0
2003-09-25,54.52,54.7,53.03,53.13,15.2608879147355,2282500,0.0000,1.0
2003-09-24,56.1,56.4,54.43,54.49,15.6515298790502,1649000,0.0000,1.0
2003-09-23,55.82,56.4,55.45,56.08,16.1082362932123,969150,0.0000,1.0
2003-09-22,56.73,56.73,55.27,55.39,15.9100429436703,1227800,0.0000,1.0
2003-09-19,56.77,57.45,56.5,56.73,16.2949401732156,1291650,0.0000,1.0
2003-09-18,55.79,56.79,55.25,56.69,16.283450703677,1195150,0.0000,1.0
2003-09-17,56.18,56.8,55.47,55.65,15.9847244956716,1472850,0.0000,1.0
2003-09-16,55.28,56.45,55.12,56.38,16.1944073147523,1079450,0.0000,1.0
2003-09-15,55.96,56.04,54.88,55.02,15.8037653504376,1133800,0.0000,1.0
2003-09-12,55.0,55.95,54.91,55.71,16.0019586999796,907400,0.0000,1.0
2003-09-11,55.24,55.57,54.7,55.0,15.7980206156682,2249200,0.0000,1.0
2003-09-10,56.04,56.12,54.12,54.69,15.7089772267436,1310200,0.0000,1.0
2003-09-09,56.45,56.89,55.89,55.92,16.0622784150576,1214050,0.0000,1.0
2003-09-08,56.5,57.49,56.11,56.98,16.3667493578323,1367400,0.0000,1.0
2003-09-05,57.2,57.35,56.25,56.38,16.1944073147523,1706700,0.0000,1.0
2003-09-04,58.0,58.25,56.85,57.87,16.6223900550677,1325950,0.0000,1.0
2003-09-03,59.32,59.4,57.65,57.77,16.593666381221,2074400,0.0000,1.0
2003-09-02,59.95,59.99,58.51,58.85,16.903882058765,1505900,0.0000,1.0
2003-08-29,58.33,59.77,58.295,59.52,17.0963306735377,1196000,0.0000,1.0
2003-08-28,57.37,58.45,56.7,58.11,16.6913268722997,1258000,0.0000,1.0
2003-08-27,57.15,57.33,56.75,57.17,16.421324338141,1178350,0.0000,1.0
2003-08-26,56.97,57.28,56.197,57.03,16.3811111947556,1620700,0.0000,1.0
2003-08-25,57.96,58.21,56.17,57.19,16.4270690729103,1194250,0.0000,1.0
2003-08-22,59.94,60.0,58.05,58.21,16.7200505461463,1985000,0.0000,1.0
2003-08-21,58.0,59.64,58.0,59.44,17.0733517344604,2067050,0.0000,1.0
2003-08-20,57.86,58.26,57.55,58.13,16.697071607069,1380550,0.0000,1.0
2003-08-19,57.76,58.5,57.64,58.39,16.7717531590703,1973000,0.0000,1.0
2003-08-18,56.75,57.77,56.71,57.76,16.5907940138363,1751000,0.0000,1.0
2003-08-15,56.7,56.88,55.94,56.61,16.2604717645996,999550,0.0000,1.0
2003-08-14,56.29,57.4,55.86,56.7,16.2863230710616,2935650,0.1900,1.0
2003-08-13,55.65,56.72,55.45,56.3,16.1174193865489,2607900,0.0000,1.0
2003-08-12,54.15,55.49,54.15,55.49,15.8855346671332,2373000,0.0000,1.0
2003-08-11,52.85,53.97,52.84,53.78,15.3960002594778,1483100,0.0000,1.0
2003-08-08,52.34,52.76,52.04,52.68,15.0810950849627,688300,0.0000,1.0
2003-08-07,51.36,51.94,50.67,51.79,14.8263081710368,1630200,0.0000,1.0
2003-08-06,53.35,53.45,51.56,51.56,14.76046436182,2384400,0.0000,1.0
2003-08-05,54.4,54.61,53.25,53.3,15.2585870924167,1469050,0.0000,1.0
2003-08-04,54.2,55.0,53.75,54.63,15.6393360761486,1638200,0.0000,1.0
2003-08-01,54.33,54.65,53.9,54.14,15.4990601347737,1170700,0.0000,1.0
2003-07-31,53.97,54.97,53.16,54.24,15.5276878779115,1948450,0.0000,1.0
2003-07-30,53.38,53.98,53.16,53.56,15.3330192245748,956900,0.0000,1.0
2003-07-29,54.31,54.7,53.35,53.56,15.3330192245748,1344500,0.0000,1.0
2003-07-28,54.27,55.0,54.0,54.22,15.5219623292839,1461300,0.0000,1.0
2003-07-25,53.47,54.49,52.81,54.27,15.5362762008528,1971900,0.0000,1.0
2003-07-24,53.98,54.72,53.05,53.22,15.2356848979065,1632350,0.0000,1.0
2003-07-23,55.2,55.2,53.69,53.98,15.4532557457533,2625050,0.0000,1.0
2003-07-22,54.9,55.5,54.14,55.07,15.7652981459547,3209350,0.0000,1.0
2003-07-21,52.2,55.3,52.19,54.3,15.5448645237941,4533850,0.0000,1.0
2003-07-18,51.75,52.74,51.64,52.74,15.0982717308453,4030800,0.0000,1.0
2003-07-17,50.2,53.2,50.1,52.38,14.9952118555494,4700600,0.0000,1.0
2003-07-16,49.25,49.4,48.25,48.57,13.9044948420015,786750,0.0000,1.0
2003-07-15,49.4,49.74,48.7,48.93,14.0075547172973,895400,0.0000,1.0
2003-07-14,49.8,50.09,48.91,49.08,14.0504963320039,1239450,0.0000,1.0
2003-07-11,48.56,49.58,48.4,49.41,14.1449678843585,1294300,0.0000,1.0
2003-07-10,48.2,48.89,47.9,48.14,13.7813955465092,1223450,0.0000,1.0
2003-07-09,48.85,49.3,48.51,48.65,13.9273970365117,926700,0.0000,1.0
2003-07-08,48.23,48.96,48.1,48.85,13.9846525227871,813500,0.0000,1.0
2003-07-07,47.92,48.7,47.87,48.39,13.8529649043535,1209150,0.0000,1.0
2003-07-03,47.5,48.06,47.36,47.64,13.6382568308205,601700,0.0000,1.0
2003-07-02,47.26,47.93,47.2,47.81,13.6869239941546,870250,0.0000,1.0
2003-07-01,47.12,47.35,46.0,47.26,13.529471406897,1892100,0.0000,1.0
2003-06-30,47.23,47.6,46.75,47.32,13.5466480527797,1101000,0.0000,1.0
2003-06-27,48.05,48.05,46.71,46.97,13.4464509517976,887900,0.0000,1.0
2003-06-26,47.35,47.89,46.94,47.89,13.7098261886648,938700,0.0000,1.0
2003-06-25,48.04,48.15,47.17,47.35,13.555236375721,1816250,0.0000,1.0
2003-06-24,48.0,48.36,47.37,47.87,13.7041006400373,1463800,0.0000,1.0
2003-06-23,47.94,48.1,47.36,48.1,13.7699444492541,1774050,0.0000,1.0
2003-06-20,47.3,48.37,46.99,47.95,13.7270028345475,2092200,0.0000,1.0
2003-06-19,48.1,48.37,46.66,46.83,13.4063721114047,1905900,0.0000,1.0
2003-06-18,48.9,48.9,47.92,48.25,13.8128860639607,1138900,0.0000,1.0
2003-06-17,49.0,49.25,48.4,49.08,14.0504963320039,1838900,0.0000,1.0
2003-06-16,46.62,48.6,46.57,48.45,13.8701415502362,2097450,0.0000,1.0
2003-06-13,46.7,46.7,45.67,45.94,13.1515851974788,1351250,0.0000,1.0
2003-06-12,46.35,46.69,45.94,46.56,13.3290772049328,1521550,0.0000,1.0
2003-06-11,45.2,46.36,45.12,46.19,13.2231545553232,1261500,0.0000,1.0
2003-06-10,45.2,45.51,44.75,45.13,12.9197004780631,1636450,0.0000,1.0
2003-06-09,45.65,46.1,44.9,45.07,12.9025238321805,1602300,0.0000,1.0
2003-06-06,47.9,48.26,46.32,46.4,13.2832728159124,2334450,0.0000,1.0
2003-06-05,46.15,47.71,45.91,47.56,13.6153546363103,2469050,0.0000,1.0
2003-06-04,44.95,46.39,44.8,46.25,13.2403312012058,1660400,0.0000,1.0
2003-06-03,45.03,45.25,44.49,44.86,12.8424055715912,1642200,0.0000,1.0
2003-06-02,44.55,45.54,44.24,44.88,12.8481311202188,1723100,0.0000,1.0
2003-05-30,42.5,43.87,42.5,43.8,12.5389514943311,2137150,0.0000,1.0
2003-05-29,43.5,43.92,42.05,42.41,12.1410258647165,1668650,0.0000,1.0
2003-05-28,43.64,44.2,43.31,43.49,12.4502054906041,1000550,0.0000,1.0
2003-05-27,42.55,43.72,42.0,43.64,12.4931471053108,1248450,0.0000,1.0
2003-05-23,42.6,42.69,41.93,42.56,12.1839674794231,1188500,0.0000,1.0
2003-05-22,41.6,42.75,41.54,42.55,12.1811047051094,1362300,0.0000,1.0
2003-05-21,42.25,42.3,41.26,41.26,11.8118068186325,1885850,0.0000,1.0
2003-05-20,42.45,42.68,42.0,42.57,12.1868302537369,1705200,0.0000,1.0
2003-05-19,43.38,43.45,42.2,42.32,12.1152608958926,803750,0.0000,1.0
2003-05-16,43.35,43.79,42.83,43.48,12.4473427162904,767950,0.0000,1.0
2003-05-15,43.33,43.77,42.95,43.77,12.5303631713898,1709700,0.0000,1.0
2003-05-14,43.72,43.85,42.62,43.08,12.3328317437394,859600,0.0000,1.0
2003-05-13,44.35,44.35,43.16,43.65,12.4960098796245,1308550,0.1700,1.0
2003-05-12,43.57,44.49,43.168,44.46,12.6785166419011,1093200,0.0000,1.0
2003-05-09,43.15,43.78,42.99,43.59,12.4304215119314,1221450,0.0000,1.0
2003-05-08,43.7,43.75,42.7,43.14,12.3020964447057,913300,0.0000,1.0
2003-05-07,44.15,44.17,43.5,43.81,12.493158211464,894900,0.0000,1.0
2003-05-06,43.83,44.6,43.7,44.32,12.6385932876531,1092350,0.0000,1.0
2003-05-05,44.0,44.65,43.45,43.83,12.4988615477851,791000,0.0000,1.0
2003-05-02,42.95,43.88,42.95,43.65,12.4475315208948,1178600,0.0000,1.0
2003-05-01,43.75,43.75,42.73,43.31,12.3505748034354,1089350,0.0000,1.0
2003-04-30,43.6,44.45,43.13,44.08,12.5701532517994,1406950,0.0000,1.0
2003-04-29,43.25,43.8,42.96,43.6,12.433273180092,1022350,0.0000,1.0
2003-04-28,42.13,43.48,42.13,43.38,12.3705364805594,818400,0.0000,1.0
2003-04-25,43.05,43.18,41.89,42.06,11.9941162833639,790750,0.0000,1.0
2003-04-24,43.0,43.65,42.98,43.2,12.3192064536691,725000,0.0000,1.0
2003-04-23,43.83,43.83,43.01,43.28,12.3420197989537,1287900,0.0000,1.0
2003-04-22,42.57,44.06,42.17,43.83,12.4988615477851,1329100,0.0000,1.0
2003-04-21,42.55,43.0,42.35,42.57,12.1395513595531,1124000,0.0000,1.0
2003-04-17,41.37,42.92,41.24,42.8,12.2051397272462,2106350,0.0000,1.0
2003-04-16,41.7,41.82,40.67,40.81,11.6376577632925,1501350,0.0000,1.0
2003-04-15,40.76,41.26,40.3,41.15,11.7346144807519,1284800,0.0000,1.0
2003-04-14,40.0,40.87,39.02,40.76,11.6233994224896,1022350,0.0000,1.0
2003-04-11,40.7,41.2,39.76,40.0,11.4066726422862,965650,0.0000,1.0
2003-04-10,40.2,40.4,39.72,40.3,11.4922226871033,1058900,0.0000,1.0
2003-04-09,40.73,41.08,40.08,40.09,11.4323376557313,1138550,0.0000,1.0
2003-04-08,41.05,41.198,40.51,40.67,11.5977344090445,1400200,0.0000,1.0
2003-04-07,42.0,42.65,41.01,41.05,11.7060977991462,1382950,0.0000,1.0
2003-04-04,40.55,41.19,40.26,40.81,11.6376577632925,1061050,0.0000,1.0
2003-04-03,41.08,41.09,40.45,40.55,11.5635143911176,1395600,0.0000,1.0
2003-04-02,39.55,41.69,39.55,41.12,11.7260594762702,2151150,0.0000,1.0
2003-04-01,38.59,38.68,38.12,38.55,10.9931807590033,1557450,0.0000,1.0
2003-03-31,38.4,38.94,37.66,38.59,11.0045874316456,1893350,0.0000,1.0
2003-03-28,39.57,39.57,38.46,38.56,10.9960324271639,1670000,0.0000,1.0
2003-03-27,39.72,40.59,39.08,40.12,11.4408926602131,884750,0.0000,1.0
2003-03-26,40.15,40.34,39.7,39.91,11.3810076288411,1192900,0.0000,1.0
2003-03-25,39.69,40.67,38.3,40.46,11.5378493776725,1425900,0.0000,1.0
2003-03-24,40.6,40.75,39.22,39.44,11.2469792252942,1513250,0.0000,1.0
2003-03-21,40.1,41.75,39.86,41.47,11.8258678618902,1818250,0.0000,1.0
2003-03-20,39.51,39.56,38.53,39.34,11.2184625436885,1236050,0.0000,1.0
2003-03-19,39.41,39.68,38.79,39.5,11.2640892342576,1674000,0.0000,1.0
2003-03-18,39.6,40.2,39.1,39.84,11.3610459517171,1344500,0.0000,1.0
2003-03-17,37.13,39.7,36.74,39.7,11.3211225974691,1461700,0.0000,1.0
2003-03-14,37.9,38.18,37.06,37.16,10.5967988846839,1237850,0.0000,1.0
2003-03-13,36.6,37.54,36.16,37.54,10.7051622747856,1410250,0.0000,1.0
2003-03-12,35.36,35.45,34.52,35.23,10.0464269296936,1304550,0.0000,1.0
2003-03-11,36.44,36.59,35.17,35.37,10.0863502839416,1530900,0.0000,1.0
2003-03-10,37.5,37.54,36.17,36.46,10.3971821134439,1447050,0.0000,1.0
2003-03-07,36.6,37.91,36.15,37.73,10.7593439698365,1837900,0.0000,1.0
2003-03-06,37.85,37.94,37.13,37.29,10.6338705707713,969000,0.0000,1.0
2003-03-05,37.7,38.27,37.49,38.16,10.881965700741,1141300,0.0000,1.0
2003-03-04,39.06,39.07,37.63,37.7,10.7507889653547,1286800,0.0000,1.0
2003-03-03,39.5,39.9,38.97,38.99,11.1186541580685,1055050,0.0000,1.0
2003-02-28,39.11,39.76,39.06,39.45,11.2498308934548,1012350,0.0000,1.0
2003-02-27,38.56,39.29,38.48,39.14,11.1614291804771,1005100,0.0000,1.0
2003-02-26,38.82,39.01,38.36,38.42,10.9561090729159,1275250,0.0000,1.0
2003-02-25,38.18,38.9,37.8,38.9,11.0929891446233,1555200,0.0000,1.0
2003-02-24,39.69,39.73,38.72,38.78,11.0587691266965,1798950,0.0000,1.0
2003-02-21,38.86,39.69,38.44,39.69,11.3182709293085,1230300,0.0000,1.0
2003-02-20,39.05,39.2,38.65,38.85,11.0787308038205,1636350,0.0000,1.0
2003-02-19,39.0,39.11,38.09,38.65,11.021697440609,1646500,0.0000,1.0
2003-02-18,37.6,38.71,37.52,38.5,10.9789224182005,1382450,0.0000,1.0
2003-02-14,36.68,36.99,35.85,36.95,10.5369138533119,1485850,0.0000,1.0
2003-02-13,36.95,36.99,36.0,36.7,10.4656221492976,941350,0.1700,1.0
2003-02-12,37.65,38.11,36.87,36.87,10.4656221492976,739900,0.0000,1.0
2003-02-11,38.2,38.45,37.34,37.64,10.6841881665192,761200,0.0000,1.0
2003-02-10,38.05,38.05,37.05,37.95,10.7721822773486,1230300,0.0000,1.0
2003-02-07,39.0,39.35,37.53,37.9,10.7579896788277,958150,0.0000,1.0
2003-02-06,38.71,39.15,38.38,38.62,10.9623630975284,1246450,0.0000,1.0
2003-02-05,39.58,40.05,38.05,38.96,11.0588727674704,1224550,0.0000,1.0
2003-02-04,39.4,39.53,38.94,39.33,11.1638979965249,776700,0.0000,1.0
2003-02-03,39.8,40.25,39.51,39.99,11.3512402970006,1570600,0.0000,1.0
2003-01-31,38.65,40.29,38.62,39.26,11.1440283585957,1673900,0.0000,1.0
2003-01-30,40.07,40.09,39.05,39.12,11.1042890827372,1133550,0.0000,1.0
2003-01-29,38.84,39.73,38.63,39.55,11.2263454300168,1511500,0.0000,1.0
2003-01-28,38.84,39.73,38.63,39.55,11.2263454300168,1671750,0.0000,1.0
2003-01-27,39.39,39.8,38.71,38.71,10.987909774866,2070050,0.0000,1.0
2003-01-24,41.16,41.16,39.09,39.39,11.18092911475,1648250,0.0000,1.0
2003-01-23,40.2,41.18,39.15,41.16,11.6833471023892,3092650,0.0000,1.0
2003-01-22,41.36,41.36,38.75,38.83,11.0219720113161,2341100,0.0000,1.0
2003-01-21,42.25,42.61,41.32,41.36,11.7401174964727,920700,0.0000,1.0
2003-01-17,42.76,43.03,42.25,42.39,12.0324850260028,696100,0.0000,1.0
2003-01-16,42.72,43.65,42.67,42.76,12.1375102550574,1028850,0.0000,1.0
2003-01-15,43.47,43.69,42.69,42.69,12.1176406171281,847200,0.0000,1.0
2003-01-14,43.45,43.49,42.6,43.47,12.3390451540539,732250,0.0000,1.0
2003-01-13,43.6,43.86,42.9,43.45,12.3333681146455,735550,0.0000,1.0
2003-01-10,42.9,43.73,42.85,43.38,12.3134984767163,1247950,0.0000,1.0
2003-01-09,43.38,43.93,43.26,43.75,12.4185237057708,1363800,0.0000,1.0
2003-01-08,44.71,44.71,43.3,43.38,12.3134984767163,1792350,0.0000,1.0
2003-01-07,45.27,45.28,44.4,44.7,12.6881830776675,949250,0.0000,1.0
2003-01-06,44.28,45.62,44.24,45.33,12.8670098190306,884900,0.0000,1.0
2003-01-03,44.48,44.48,43.87,44.28,12.5689652500921,642500,0.0000,1.0
2003-01-02,43.5,44.75,43.24,44.59,12.6569593609216,905050,0.0000,1.0
2002-12-31,42.18,43.27,41.97,43.06,12.2226658461826,592550,0.0000,1.0
2002-12-30,42.25,42.82,41.55,42.56,12.0807398609738,605700,0.0000,1.0
2002-12-27,42.85,42.85,41.88,42.05,11.9359753560609,507550,0.0000,1.0
2002-12-26,43.0,44.05,42.81,42.85,12.1630569323949,545100,0.0000,1.0
2002-12-24,42.89,43.5,42.76,42.87,12.1687339718033,335750,0.0000,1.0
2002-12-23,43.22,43.6,42.86,43.0,12.2056347279576,835800,0.0000,1.0
2002-12-20,42.5,43.4,42.45,43.26,12.2794362402662,1315700,0.0000,1.0
2002-12-19,42.24,42.96,41.83,42.08,11.9444909151734,1165600,0.0000,1.0
2002-12-18,42.31,42.78,41.8,42.26,11.9955842698486,1142700,0.0000,1.0
2002-12-17,42.7,43.2,42.2,42.3,12.0069383486653,808250,0.0000,1.0
2002-12-16,41.65,42.69,41.65,42.63,12.1006094989031,869750,0.0000,1.0
2002-12-13,41.76,42.6,41.4,41.53,11.7883723314437,1027000,0.0000,1.0
2002-12-12,42.2,42.7,41.75,42.45,12.0495161442279,1046750,0.0000,1.0
2002-12-11,41.1,42.07,40.5,41.71,11.8394656861189,1767900,0.0000,1.0
2002-12-10,41.22,42.0,40.8,41.05,11.6521233856432,1836400,0.0000,1.0
2002-12-09,42.65,43.1,41.2,41.2,11.6947011812059,1208050,0.0000,1.0
2002-12-06,42.0,43.05,41.91,42.56,12.0807398609738,1061800,0.0000,1.0
2002-12-05,43.52,43.52,42.34,42.43,12.0438391048195,1492750,0.0000,1.0
2002-12-04,44.1,44.39,43.25,43.25,12.276597720562,2070650,0.0000,1.0
2002-12-03,46.13,46.14,44.45,44.5,12.631412683584,1098600,0.0000,1.0
2002-12-02,47.7,47.88,46.01,46.24,13.1253151121107,2565950,0.0000,1.0
2002-11-29,45.6,46.4,45.56,46.2,13.113961033294,791750,0.0000,1.0
2002-11-27,44.64,45.83,44.64,45.52,12.92094169341,1338000,0.0000,1.0
2002-11-26,44.5,44.88,44.02,44.5,12.631412683584,1418500,0.0000,1.0
2002-11-25,43.97,44.54,43.57,44.5,12.631412683584,1623700,0.0000,1.0
2002-11-22,44.26,44.9,43.91,43.97,12.4809711392627,1483600,0.0000,1.0
2002-11-21,42.4,44.53,42.14,44.26,12.5632882106838,1390700,0.0000,1.0
2002-11-20,41.58,42.24,41.14,42.19,11.9757146319193,1560950,0.0000,1.0
2002-11-19,41.7,41.7,41.05,41.33,11.7316019373602,1550600,0.0000,1.0
2002-11-18,42.2,42.25,41.58,41.7,11.8366271664147,1025750,0.0000,1.0
2002-11-15,40.95,41.75,40.8,41.56,11.7968878905562,1229800,0.0000,1.0
2002-11-14,40.75,41.01,40.41,41.0,11.6379307871224,1232200,0.1700,1.0
2002-11-13,39.28,40.25,38.8,39.89,11.2761005367576,1141150,0.0000,1.0
2002-11-12,38.9,39.92,38.45,39.48,11.1602017846876,1260750,0.0000,1.0
2002-11-11,40.1,40.1,38.25,38.41,10.8577343097734,1390300,0.0000,1.0
2002-11-08,39.8,40.88,39.73,40.15,11.3495973063629,1604150,0.0000,1.0
2002-11-07,40.99,41.09,39.59,39.7,11.2223913589691,1084100,0.0000,1.0
2002-11-06,40.45,41.0,39.75,40.99,11.5870484081648,1081450,0.0000,1.0
2002-11-05,40.0,40.6,39.71,40.28,11.3863456911656,695700,0.0000,1.0
2002-11-04,39.9,41.17,39.7,40.14,11.346770507532,1352650,0.0000,1.0
2002-11-01,38.85,39.41,38.14,39.4,11.1375873940399,1621050,0.0000,1.0
2002-10-31,39.04,39.45,38.61,39.0,11.0245154408009,943850,0.0000,1.0
2002-10-30,38.94,39.45,38.26,39.04,11.0358226361248,990950,0.0000,1.0
2002-10-29,38.85,39.11,37.94,38.83,10.9764598606743,1424750,0.0000,1.0
2002-10-28,40.0,40.0,38.72,39.21,11.0838782162513,1651750,0.0000,1.0
2002-10-25,38.89,39.57,38.37,39.54,11.1771625776735,1014100,0.0000,1.0
2002-10-24,40.7,40.7,38.64,38.89,10.9934206536601,1307950,0.0000,1.0
2002-10-23,38.46,40.3,38.34,40.3,11.3919992888276,2516850,0.0000,1.0
2002-10-22,40.1,40.25,38.5,38.64,10.9227506828858,2475200,0.0000,1.0
2002-10-21,38.0,40.99,37.8,40.96,11.5785680116719,1856950,0.0000,1.0
2002-10-18,37.68,38.46,36.62,38.46,10.8718683039282,2262100,0.0000,1.0
2002-10-17,35.8,37.18,35.78,37.17,10.5072112547325,2916650,0.0000,1.0
2002-10-16,35.0,35.51,33.92,33.94,9.59415523232773,1646750,0.0000,1.0
2002-10-15,33.95,35.53,33.86,35.53,10.0436162464527,1824900,0.0000,1.0
2002-10-14,33.21,33.59,32.3,32.58,9.20971059131519,1194250,0.0000,1.0
2002-10-11,32.01,34.07,31.93,33.73,9.53479245687726,1334750,0.0000,1.0
2002-10-10,30.01,31.67,29.69,31.56,8.92137711055578,1914400,0.0000,1.0
2002-10-09,31.3,31.6,29.69,29.84,8.43516771162815,1709950,0.0000,1.0
2002-10-08,32.43,32.66,30.89,32.04,9.05706345444256,1959600,0.0000,1.0
2002-10-07,32.67,33.19,31.95,32.13,9.08250464392133,1037650,0.0000,1.0
2002-10-04,34.75,34.89,32.04,32.92,9.30582175156832,1646100,0.0000,1.0
2002-10-03,35.0,35.67,34.2,34.3,9.69591999024282,1322450,0.0000,1.0
2002-10-02,35.6,35.84,34.89,35.04,9.90510310373494,1138150,0.0000,1.0
2002-10-01,34.44,35.64,33.7,35.64,10.0747110335934,1500100,0.0000,1.0
2002-09-30,33.75,34.86,33.0,34.44,9.73549517387646,1676550,0.0000,1.0
2002-09-27,36.0,36.04,34.39,34.67,9.80051154698888,1795950,0.0000,1.0
2002-09-26,34.65,36.15,34.37,36.15,10.2188777739731,1459800,0.0000,1.0
2002-09-25,34.15,34.49,33.5,34.4,9.72418797855256,1404450,0.0000,1.0
2002-09-24,35.1,35.11,33.5,33.72,9.53196565804629,2842650,0.0000,1.0
2002-09-23,34.79,35.73,34.55,35.6,10.0634038382695,1997900,0.0000,1.0
2002-09-20,34.85,35.08,34.41,34.95,9.87966191425616,1690800,0.0000,1.0
2002-09-19,34.85,35.6,34.35,34.36,9.71288078322866,1277000,0.0000,1.0
2002-09-18,35.8,35.99,34.5,35.81,10.12276661372,1410250,0.0000,1.0
2002-09-17,37.35,37.39,35.79,35.94,10.1595149985226,1127300,0.0000,1.0
2002-09-16,37.51,37.54,36.4,36.84,10.4139268933104,1467200,0.0000,1.0
2002-09-13,37.8,37.88,36.7,37.51,10.6033224149857,1362800,0.0000,1.0
2002-09-12,38.75,38.75,38.05,38.29,10.8238127238017,899300,0.0000,1.0
2002-09-11,39.16,39.4,38.75,38.84,10.9792866595053,562850,0.0000,1.0
2002-09-10,38.56,38.89,38.17,38.89,10.9934206536601,859450,0.0000,1.0
2002-09-09,37.75,38.78,37.43,38.7,10.9397114758716,1166100,0.0000,1.0
2002-09-06,37.7,38.3,37.54,38.29,10.8238127238017,1712100,0.0000,1.0
2002-09-05,36.6,37.75,36.3,37.33,10.5524400360281,1503500,0.0000,1.0
2002-09-04,36.72,37.51,36.18,37.39,10.569400829014,1091100,0.0000,1.0
2002-09-03,37.55,37.55,36.06,36.72,10.3800053073387,1394100,0.0000,1.0
2002-08-30,37.41,38.23,37.33,37.55,10.6146296103096,939500,0.0000,1.0
2002-08-29,36.35,37.7,36.35,37.66,10.6457243974503,1577100,0.0000,1.0
2002-08-28,38.2,38.2,37.22,37.37,10.563747231352,1075950,0.0000,1.0
2002-08-27,38.35,38.68,38.05,38.3,10.8266395226326,1761150,0.0000,1.0
2002-08-26,38.1,38.14,37.27,37.89,10.7107407705627,1472200,0.0000,1.0
2002-08-23,39.0,39.0,37.68,37.85,10.6994335752388,982900,0.0000,1.0
2002-08-22,38.6,39.3,38.46,39.0,11.0245154408009,781600,0.0000,1.0
2002-08-21,38.61,39.12,37.63,38.7,10.9397114758716,1113500,0.0000,1.0
2002-08-20,38.84,38.84,37.7,38.36,10.8436003156185,1133400,0.0000,1.0
2002-08-19,37.15,39.04,37.1,38.99,11.0216886419699,1452300,0.0000,1.0
2002-08-16,37.1,37.45,36.35,37.26,10.5326524442113,1051400,0.0000,1.0
2002-08-15,36.94,37.41,36.3,37.1,10.4874236629157,1405600,0.1700,1.0
2002-08-14,36.1,37.1,34.98,37.09,10.4367733742298,1762650,0.0000,1.0
2002-08-13,36.63,37.11,36.11,36.11,10.1610106913841,1544550,0.0000,1.0
2002-08-12,35.95,36.49,35.5,36.23,10.1947775505081,626350,0.0000,1.0
2002-08-09,35.9,36.86,35.35,36.35,10.228544409632,1702550,0.0000,1.0
2002-08-08,35.75,36.28,35.15,36.09,10.1553828815301,1790450,0.0000,1.0
2002-08-07,35.85,35.99,34.05,35.45,9.97529296620235,1263850,0.0000,1.0
2002-08-06,34.16,36.1,34.16,35.25,9.91901486766242,1348400,0.0000,1.0
2002-08-05,34.7,35.24,33.94,34.0,9.56727675178787,941250,0.0000,1.0
2002-08-02,37.39,37.48,34.7,35.11,9.87962019868447,1672400,0.0000,1.0
2002-08-01,38.23,38.65,37.0,37.29,10.4930514727697,1857950,0.0000,1.0
2002-07-31,38.45,38.5,37.29,38.39,10.8025810147393,2024600,0.0000,1.0
2002-07-30,38.35,39.12,37.68,38.18,10.7434890112724,1369650,0.0000,1.0
2002-07-29,37.18,39.41,37.18,39.0,10.9742292152861,1612050,0.0000,1.0
2002-07-26,37.1,37.4,36.68,37.03,10.4198899446678,2281000,0.0000,1.0
2002-07-25,36.25,37.15,35.01,36.82,10.3607979412009,2833000,0.0000,1.0
2002-07-24,33.25,36.0,32.78,35.9,10.1019186879172,2002900,0.0000,1.0
2002-07-23,34.35,35.15,33.7,33.96,9.55602113207988,2351600,0.0000,1.0
2002-07-22,35.0,35.65,33.51,33.96,9.55602113207988,1867450,0.0000,1.0
2002-07-19,35.75,36.7,34.95,35.0,9.84866724448751,2353350,0.0000,1.0
2002-07-18,37.0,38.3,36.1,36.47,10.262311268756,3461500,0.0000,1.0
2002-07-17,38.75,40.0,38.51,38.82,10.9235789266001,3069400,0.0000,1.0
2002-07-16,40.0,40.1,38.0,38.24,10.7603724408344,3725800,0.0000,1.0
2002-07-15,42.0,42.2,39.49,41.66,11.7227279258671,1636950,0.0000,1.0
2002-07-12,42.25,43.17,41.95,42.12,11.852167552509,1393200,0.0000,1.0
2002-07-11,42.5,42.66,41.0,42.12,11.852167552509,1672900,0.0000,1.0
2002-07-10,45.3,45.3,42.76,42.86,12.0603965171067,1157700,0.0000,1.0
2002-07-09,44.95,46.35,44.84,44.93,12.642874836995,1163700,0.0000,1.0
2002-07-08,45.35,45.81,44.81,44.95,12.648502646849,938100,0.0000,1.0
2002-07-05,44.0,45.3,43.65,45.16,12.7075946503159,742400,0.0000,1.0
2002-07-03,44.25,44.66,42.36,43.6,12.2686254817044,1593500,0.0000,1.0
2002-07-02,44.75,44.92,43.37,44.25,12.4515293019592,1766150,0.0000,1.0
2002-07-01,45.91,46.0,44.5,44.5,12.5218769251341,1339000,0.0000,1.0
2002-06-28,44.75,46.65,44.75,45.66,12.8482898966657,1846050,0.0000,1.0
2002-06-27,45.4,45.65,44.39,45.32,12.7526171291478,1392550,0.0000,1.0
2002-06-26,45.21,45.21,44.47,45.1,12.6907112207539,1526900,0.0000,1.0
2002-06-25,46.0,46.39,45.12,45.21,12.7216641749509,1942950,0.0000,1.0
2002-06-24,45.75,46.21,44.53,45.95,12.9298931395486,1380050,0.0000,1.0
2002-06-21,46.12,46.67,45.75,45.99,12.9411487592566,1802500,0.0000,1.0
2002-06-20,46.5,47.39,46.37,46.67,13.1324942942923,1606400,0.0000,1.0
2002-06-19,47.8,48.09,46.8,47.03,13.2337948716642,2063400,0.0000,1.0
2002-06-18,48.2,48.6,47.69,48.01,13.5095575545099,1663750,0.0000,1.0
2002-06-17,46.92,48.23,46.64,48.2,13.5630217481228,1471450,0.0000,1.0
2002-06-14,47.0,47.1,46.1,46.92,13.2028419174673,1445400,0.0000,1.0
2002-06-13,48.5,48.85,47.91,47.91,13.4814185052399,1048150,0.0000,1.0
2002-06-12,48.4,48.96,48.13,48.7,13.7037169944726,884500,0.0000,1.0
2002-06-11,49.7,50.12,48.68,48.83,13.7402977585236,1483950,0.0000,1.0
2002-06-10,49.15,49.92,48.9,49.33,13.8809930048734,873000,0.0000,1.0
2002-06-07,48.7,49.21,48.1,49.14,13.8275288112605,1774800,0.0000,1.0
2002-06-06,51.0,51.1,49.45,49.55,13.9428989132673,898300,0.0000,1.0
2002-06-05,49.16,51.54,49.16,50.84,14.3058926488499,1553950,0.0000,1.0
2002-06-04,49.75,50.01,48.25,49.16,13.8331566211145,1086700,0.0000,1.0
2002-06-03,50.36,50.92,49.75,49.85,14.0273160610772,1028850,0.0000,1.0
2002-05-31,49.8,50.75,49.77,50.35,14.168011307427,1539950,0.0000,1.0
2002-05-30,50.1,50.24,49.54,49.9,14.0413855857122,1900150,0.0000,1.0
2002-05-29,52.25,52.39,50.8,50.8,14.2946370291419,1542200,0.0000,1.0
2002-05-28,53.12,53.24,52.08,52.32,14.7223505780453,850600,0.0000,1.0
2002-05-24,54.16,54.16,52.98,53.0,14.9136961130811,1332100,0.0000,1.0
2002-05-23,53.06,54.4,52.84,54.16,15.2401090846127,1506000,0.0000,1.0
2002-05-22,51.41,53.18,51.41,53.06,14.9305795426431,1505750,0.0000,1.0
2002-05-21,52.72,52.99,51.4,51.61,14.5225633282286,730250,0.0000,1.0
2002-05-20,52.69,53.05,52.19,52.47,14.7645591519503,580550,0.0000,1.0
2002-05-17,52.96,53.45,52.75,53.0,14.9136961130811,895400,0.0000,1.0
2002-05-16,53.78,53.98,52.75,53.22,14.975602021475,851450,0.1700,1.0
2002-05-15,53.88,54.18,53.66,53.95,15.1326789484656,1833800,0.0000,1.0
2002-05-14,53.25,54.19,53.13,54.03,15.1551185094642,1506150,0.0000,1.0
2002-05-13,51.85,52.17,51.46,52.15,14.6277888259959,1553700,0.0000,1.0
2002-05-10,51.26,52.5,50.75,51.85,14.543640472251,1778800,0.0000,1.0
2002-05-09,51.28,51.55,50.88,51.26,14.3781487098859,1221450,0.0000,1.0
2002-05-08,50.7,51.62,50.7,51.62,14.4791267343798,1689900,0.0000,1.0
2002-05-07,50.0,50.33,49.8,49.82,13.9742366119102,1911550,0.0000,1.0
2002-05-06,50.12,50.12,48.69,49.1,13.7722805629223,1320700,0.0000,1.0
2002-05-03,50.21,50.55,49.28,50.12,14.0583849656551,1380550,0.0000,1.0
2002-05-02,49.1,50.32,49.08,49.96,14.0135058436578,1289150,0.0000,1.0
2002-05-01,49.8,49.9,48.06,48.81,13.6909371543022,1696200,0.0000,1.0
2002-04-30,48.73,50.79,48.73,49.95,14.010700898533,1416350,0.0000,1.0
2002-04-29,49.65,49.66,48.69,48.69,13.6572778128042,1403950,0.0000,1.0
2002-04-26,49.9,50.06,49.0,49.65,13.926552544788,1834400,0.0000,1.0
2002-04-25,49.45,49.75,48.25,49.58,13.9069179289142,1268500,0.0000,1.0
2002-04-24,49.82,50.29,49.5,49.69,13.9377723252874,709350,0.0000,1.0
2002-04-23,50.15,50.35,49.51,49.71,13.943382215537,1570750,0.0000,1.0
2002-04-22,50.74,51.0,49.75,49.92,14.0022860631585,1373050,0.0000,1.0
2002-04-19,50.4,50.85,50.25,50.75,14.2350965085195,1068050,0.0000,1.0
2002-04-18,50.0,50.2,49.81,50.0,14.0247256241571,1760050,0.0000,1.0
2002-04-17,50.75,50.79,49.75,49.93,14.0050910082833,1079300,0.0000,1.0
2002-04-16,50.7,51.22,50.4,51.17,14.3529042037624,1454300,0.0000,1.0
2002-04-15,50.0,50.25,49.3,49.77,13.960211886286,920700,0.0000,1.0
2002-04-12,51.13,51.2,50.13,50.36,14.1257036486511,818900,0.0000,1.0
2002-04-11,50.9,51.8,50.8,51.0,14.3052201366403,1608650,0.0000,1.0
2002-04-10,50.45,51.2,50.35,51.1,14.3332695878886,764950,0.0000,1.0
2002-04-09,50.15,50.65,50.01,50.55,14.1789976060229,1467300,0.0000,1.0
2002-04-08,49.18,49.7,48.5,49.6,13.9125278191639,836800,0.0000,1.0
2002-04-05,48.7,49.62,48.66,49.43,13.8648437520418,2073300,0.0000,1.0
2002-04-04,47.25,48.42,47.04,48.25,13.5338602273116,2815450,0.0000,1.0
2002-04-03,48.05,48.15,46.2,46.89,13.1523876903346,2191600,0.0000,1.0
2002-04-02,48.94,49.1,48.61,48.95,13.7302063860499,1596400,0.0000,1.0
2002-04-01,50.02,50.02,48.8,48.94,13.727401440925,1718100,0.0000,1.0
2002-03-28,50.3,50.58,49.76,50.02,14.0303355144068,1581000,0.0000,1.0
2002-03-27,50.18,50.18,49.48,50.01,14.027530569282,1637850,0.0000,1.0
2002-03-26,48.8,49.97,48.71,49.64,13.9237475996632,1602650,0.0000,1.0
2002-03-25,50.1,50.28,48.7,48.98,13.7386212214243,1824250,0.0000,1.0
2002-03-22,50.55,50.8,49.5,50.25,14.0948492522779,2379050,0.0000,1.0
2002-03-21,53.5,53.5,50.75,51.22,14.3669289293866,2706550,0.0000,1.0
2002-03-20,53.45,54.15,53.0,53.38,14.9727970763502,1557700,0.0000,1.0
2002-03-19,52.8,54.1,52.8,53.75,15.0765800459689,1102100,0.0000,1.0
2002-03-18,53.05,53.34,52.6,52.94,14.8493794908576,1404600,0.0000,1.0
2002-03-15,52.53,53.15,52.39,53.15,14.9082833384791,1880600,0.0000,1.0
2002-03-14,52.9,52.9,52.57,52.77,14.8016954237355,1106350,0.0000,1.0
2002-03-13,53.6,53.6,52.65,52.69,14.7792558627368,1263250,0.0000,1.0
2002-03-12,53.67,53.67,52.2,53.6,15.0345058690965,1804600,0.0000,1.0
2002-03-11,52.25,53.08,52.02,52.93,14.8465745457328,1432400,0.0000,1.0
2002-03-08,52.2,52.95,52.1,52.41,14.7007173992415,1691300,0.0000,1.0
2002-03-07,53.15,53.33,52.0,52.05,14.5997393747476,2932300,0.0000,1.0
2002-03-06,51.52,53.2,51.46,52.98,14.8605992713569,1728000,0.0000,1.0
2002-03-05,52.62,52.89,51.0,51.52,14.4510772831315,2298000,0.0000,1.0
2002-03-04,51.15,53.5,51.0,53.31,14.9531624604764,3055600,0.0000,1.0
2002-03-01,49.5,50.45,48.85,50.45,14.1509481547746,2204250,0.0000,1.0
2002-02-28,49.15,50.06,48.61,50.0,14.0247256241571,1886850,0.0000,1.0
2002-02-27,49.55,49.7,48.35,49.01,13.7470360567988,2549300,0.0000,1.0
2002-02-26,48.6,49.74,48.45,49.55,13.8985030935397,3272600,0.0000,1.0
2002-02-25,47.2,48.21,47.2,48.12,13.4973959406888,1706450,0.0000,1.0
2002-02-22,46.95,47.2,46.57,46.96,13.1720223062084,2479050,0.0000,1.0
2002-02-21,44.15,46.2,44.15,45.85,12.8606733973521,1954700,0.0000,1.0
2002-02-20,44.55,44.55,43.5,44.0,12.3417585492583,2032350,0.0000,1.0
2002-02-19,44.75,44.75,44.08,44.13,12.3782228358811,1254750,0.0000,1.0
2002-02-15,45.65,45.65,44.85,45.0,12.6222530617414,1095350,0.0000,1.0
2002-02-14,45.12,45.27,44.79,45.21,12.6811569093629,1257600,0.1700,1.0
2002-02-13,44.4,46.0,44.33,45.28,12.653212535389,1607050,0.0000,1.0
2002-02-12,44.87,44.88,43.91,44.71,12.4939296037377,1066550,0.0000,1.0
2002-02-11,43.2,44.87,43.2,44.87,12.5386406020959,1651350,0.0000,1.0
2002-02-08,43.2,43.58,42.7,43.02,12.0216696835785,1333100,0.0000,1.0
2002-02-07,42.85,43.5,42.45,43.1,12.0440251827576,1569250,0.0000,1.0
2002-02-06,42.2,43.04,42.2,42.89,11.9853419974124,1689050,0.0000,1.0
2002-02-05,42.8,43.4,42.0,42.0,11.7366370690445,2420600,0.0000,1.0
2002-02-04,43.65,44.01,42.5,42.5,11.8763589389141,1140550,0.0000,1.0
2002-02-01,44.8,44.8,43.58,43.7,12.2116914266011,2234650,0.0000,1.0
2002-01-31,42.33,44.4,42.25,44.23,12.3597966086629,2664750,0.0000,1.0
2002-01-30,41.55,43.1,41.1,42.36,11.8372368153506,2570350,0.0000,1.0
2002-01-29,42.04,42.23,41.26,41.4,11.5689708252011,1868600,0.0000,1.0
2002-01-28,42.23,42.23,41.9,42.04,11.7478148186341,1142050,0.0000,1.0
2002-01-25,40.8,41.57,40.03,41.38,11.5633819504063,2216500,0.0000,1.0
2002-01-24,41.24,41.24,40.06,40.8,11.4013045813576,2739100,0.0000,1.0
2002-01-23,40.75,40.75,39.42,40.5,11.3174714594358,1821250,0.0000,1.0
2002-01-22,40.2,40.6,40.0,40.08,11.2001050887454,739300,0.0000,1.0
2002-01-18,40.15,40.75,40.0,40.03,11.1861329017584,1320200,0.0000,1.0
2002-01-17,40.0,40.24,39.8,40.1,11.2056939635402,3222500,0.0000,1.0
2002-01-16,41.25,41.25,39.59,39.6,11.0659720936706,2373650,0.0000,1.0
2002-01-15,41.59,42.0,41.05,41.33,11.5494097634193,1676150,0.0000,1.0
2002-01-14,42.9,42.9,41.58,41.58,11.6192706983541,1331250,0.0000,1.0
2002-01-11,42.7,43.0,42.37,42.38,11.8428256901454,1145550,0.0000,1.0
2002-01-10,42.8,42.85,42.4,42.41,11.8512090023376,2114500,0.0000,1.0
2002-01-09,42.4,43.09,42.4,42.67,11.9238643746698,1826500,0.0000,1.0
2002-01-08,42.91,42.92,42.06,42.35,11.8344423779533,1163700,0.0000,1.0
2002-01-07,43.4,43.4,42.82,42.91,11.9909308722072,1098100,0.0000,1.0
2002-01-04,43.18,43.18,42.28,43.08,12.0384363079628,1792350,0.0000,1.0
2002-01-03,42.78,42.78,41.79,42.28,11.8148813161715,1918800,0.0000,1.0
2002-01-02,42.23,42.24,41.37,42.08,11.7589925682237,2480550,0.0000,1.0
2001-12-31,43.2,43.85,41.42,41.81,11.6835427584941,4638500,0.0000,1.0
2001-12-28,43.55,43.73,43.25,43.54,12.1669804282428,846100,0.0000,1.0
2001-12-27,43.55,43.91,43.05,43.2,12.0719695567315,683300,0.0000,1.0
2001-12-26,43.22,43.96,43.12,43.35,12.1138861176924,467950,0.0000,1.0
2001-12-24,43.1,43.82,42.87,43.22,12.0775584315263,302700,0.0000,1.0
2001-12-21,42.4,43.15,42.4,43.03,12.0244641209759,1258250,0.0000,1.0
2001-12-20,43.9,44.0,42.0,42.0,11.7366370690445,1527400,0.0000,1.0
2001-12-19,44.01,44.42,43.8,44.0,12.2955245485229,1159950,0.0000,1.0
2001-12-18,43.3,44.4,43.29,44.01,12.2983189859203,1441300,0.0000,1.0
2001-12-17,42.92,43.74,42.92,43.49,12.1530082412559,799500,0.0000,1.0
2001-12-14,43.35,43.5,42.0,42.91,11.9909308722072,1165950,0.0000,1.0
2001-12-13,43.6,43.85,43.3,43.6,12.1837470526272,866100,0.0000,1.0
2001-12-12,44.7,44.85,43.92,43.99,12.2927301111255,1018850,0.0000,1.0
2001-12-11,44.15,45.38,44.0,44.94,12.5582016638777,1251700,0.0000,1.0
2001-12-10,44.8,45.4,44.31,44.43,12.4156853566107,1042150,0.0000,1.0
2001-12-07,45.65,45.65,44.5,45.25,12.6448292231968,1141800,0.0000,1.0
2001-12-06,45.58,45.58,44.32,44.95,12.5609961012751,1092450,0.0000,1.0
2001-12-05,43.35,44.95,43.3,44.51,12.4380408557898,1477700,0.0000,1.0
2001-12-04,41.35,43.0,41.35,42.94,11.9993141843994,884500,0.0000,1.0
2001-12-03,41.94,41.94,41.3,41.59,11.6220651357515,743150,0.0000,1.0
2001-11-30,42.21,42.21,41.26,41.89,11.7058982576732,707500,0.0000,1.0
2001-11-29,41.53,41.74,41.25,41.55,11.6108873861619,1236600,0.0000,1.0
2001-11-28,41.78,41.78,41.26,41.62,11.6304484479437,650000,0.0000,1.0
2001-11-27,41.97,41.97,41.18,41.8,11.6807483210967,881400,0.0000,1.0
2001-11-26,41.75,41.9,41.25,41.56,11.6136818235593,757950,0.0000,1.0
2001-11-23,41.63,41.63,41.05,41.52,11.6025040739698,319850,0.0000,1.0
2001-11-21,41.66,41.66,40.75,41.2,11.5130820772532,398850,0.0000,1.0
2001-11-20,42.02,42.02,41.2,41.65,11.6388317601358,706850,0.0000,1.0
2001-11-19,42.0,42.3,41.6,42.02,11.7422259438393,1149550,0.0000,1.0
2001-11-16,42.98,42.98,41.8,42.0,11.7366370690445,1432750,0.0000,1.0
2001-11-15,42.45,42.99,42.01,42.99,12.0132863713863,1394200,0.0000,1.0
2001-11-14,42.0,42.6,41.99,42.28,11.8148813161715,1612950,0.0000,1.0
2001-11-13,40.0,41.41,40.0,41.23,11.5214653894454,898150,0.1700,1.0
2001-11-12,40.45,40.55,39.3,39.91,11.1068039539315,828650,0.0000,1.0
2001-11-09,40.6,40.94,40.09,40.2,11.1875098709108,772950,0.0000,1.0
2001-11-08,40.67,41.95,40.27,40.33,11.2236883854187,807250,0.0000,1.0
2001-11-07,41.15,41.15,40.25,40.67,11.3183091156702,605300,0.0000,1.0
2001-11-06,39.65,40.68,39.51,40.61,11.3016113397434,684800,0.0000,1.0
2001-11-05,39.2,40.0,39.04,39.8,11.0761913647325,750050,0.0000,1.0
2001-11-02,38.6,39.42,38.11,39.22,10.9147795307741,818300,0.0000,1.0
2001-11-01,37.68,38.6,36.76,38.51,10.7171891823078,938350,0.0000,1.0
2001-10-31,37.5,38.36,37.3,37.3,10.3804507011187,1089200,0.0000,1.0
2001-10-30,38.63,38.63,37.2,37.36,10.3971484770454,980550,0.0000,1.0
2001-10-29,40.15,40.16,38.67,38.76,10.7867632486692,640350,0.0000,1.0
2001-10-26,39.45,40.3,39.23,40.3,11.2153394974553,641250,0.0000,1.0
2001-10-25,38.75,39.39,37.92,39.29,10.9342602693553,659300,0.0000,1.0
2001-10-24,39.44,39.44,38.46,39.07,10.8730350909573,725000,0.0000,1.0
2001-10-23,39.25,39.25,38.55,38.67,10.7617165847791,930700,0.0000,1.0
2001-10-22,37.99,38.9,37.7,38.75,10.7839802860147,1204650,0.0000,1.0
2001-10-19,38.25,38.25,37.59,37.99,10.5724751242761,1012100,0.0000,1.0
2001-10-18,39.15,39.49,38.09,38.28,10.6531810412553,1439250,0.0000,1.0
2001-10-17,41.0,41.0,39.12,39.15,10.8952987921929,1014950,0.0000,1.0
2001-10-16,39.8,40.9,39.51,40.51,11.2737817131989,1919150,0.0000,1.0
2001-10-15,39.2,39.95,39.11,39.84,11.0873232153504,1202000,0.0000,1.0
2001-10-12,39.35,39.35,38.43,39.06,10.8702521283028,1616200,0.0000,1.0
2001-10-11,38.5,39.59,38.21,39.12,10.8869499042296,1961600,0.0000,1.0
2001-10-10,36.25,37.67,35.75,37.4,10.4082803276632,1187500,0.0000,1.0
2001-10-09,36.27,36.27,35.44,36.25,10.0882396224009,1062400,0.0000,1.0
2001-10-08,36.51,36.51,35.22,35.92,9.99640185480383,952350,0.0000,1.0
2001-10-05,36.6,36.6,35.75,36.42,10.1355499875266,842950,0.0000,1.0
2001-10-04,36.9,36.9,35.75,36.01,10.0214485186939,1370900,0.0000,1.0
2001-10-03,35.9,35.9,33.7,35.75,9.94909148967809,1352000,0.0000,1.0
2001-10-02,34.35,34.35,33.07,34.18,9.51216635292859,1064450,0.0000,1.0
2001-10-01,33.8,33.8,32.5,32.79,9.12533454395929,946600,0.0000,1.0
2001-09-28,31.78,33.9,31.7,33.8,9.40641377205928,2082550,0.0000,1.0
2001-09-27,32.98,32.98,31.5,31.52,8.77189828684345,2358000,0.0000,1.0
2001-09-26,33.55,33.55,32.41,32.6,9.07245825352464,1533300,0.0000,1.0
2001-09-25,33.22,33.9,33.0,33.8,9.40641377205928,1684550,0.0000,1.0
2001-09-24,33.58,33.58,32.25,33.58,9.34518859366127,2020950,0.0000,1.0
2001-09-21,31.93,31.93,30.4,31.02,8.63275015412068,2274600,0.0000,1.0
2001-09-20,34.72,34.72,31.64,32.12,8.93887604611078,1390550,0.0000,1.0
2001-09-19,35.7,35.7,33.6,34.57,9.62070189645235,1610800,0.0000,1.0
2001-09-18,35.45,35.45,34.55,35.3,9.8238581702276,1273400,0.0000,1.0
2001-09-17,36.5,36.65,34.0,34.3,9.54556190478206,1777550,0.0000,1.0
2001-09-10,37.4,37.98,36.75,37.52,10.4416758795167,1179100,0.0000,1.0
2001-09-07,38.97,39.2,37.7,37.82,10.5251647591504,1117500,0.0000,1.0
2001-09-06,40.25,40.45,39.37,39.68,11.0427958128791,1090450,0.0000,1.0
2001-09-05,40.92,40.92,39.91,40.68,11.3210920783246,762800,0.0000,1.0
2001-09-04,40.57,41.65,40.2,40.92,11.3878831820315,776200,0.0000,1.0
2001-08-31,39.75,40.59,39.49,40.57,11.2904794891256,675700,0.0000,1.0
2001-08-30,41.2,41.2,39.22,39.57,11.0121832236801,861250,0.0000,1.0
2001-08-29,41.6,41.6,40.85,41.14,11.4491083604296,1394350,0.0000,1.0
2001-08-28,41.69,41.82,41.23,41.34,11.5047676135187,709600,0.0000,1.0
2001-08-27,41.7,41.94,41.56,41.69,11.6021713064246,579050,0.0000,1.0
2001-08-24,40.95,41.94,40.81,41.62,11.5826905678434,729900,0.0000,1.0
2001-08-23,41.3,41.3,40.51,40.79,11.3517046675236,738150,0.0000,1.0
2001-08-22,40.5,41.33,40.42,41.3,11.4936357629008,1500500,0.0000,1.0
2001-08-21,39.7,40.75,39.54,40.16,11.1763780202929,864500,0.0000,1.0
2001-08-20,39.95,39.98,39.0,39.35,10.950958045282,1098850,0.0000,1.0
2001-08-17,41.03,41.1,39.85,39.95,11.1179358045494,1030500,0.0000,1.0
2001-08-16,41.3,41.38,40.86,41.24,11.4769379869741,449450,0.0000,1.0
2001-08-15,41.3,41.98,41.08,41.4,11.5214653894454,964150,0.0000,1.0
2001-08-14,41.42,41.5,40.69,41.05,11.4240616965395,805150,0.1700,1.0
2001-08-13,42.3,42.45,41.8,42.05,11.6540949621418,700450,0.0000,1.0
2001-08-10,41.25,42.62,40.8,42.3,11.7233820903353,589800,0.0000,1.0
2001-08-09,41.5,41.51,40.7,41.49,11.4988917949884,682450,0.0000,1.0
2001-08-08,41.65,42.08,41.09,41.13,11.3991183303898,558850,0.0000,1.0
2001-08-07,41.49,42.7,41.23,42.19,11.6928957539301,1069200,0.0000,1.0
2001-08-06,43.15,43.25,41.25,41.49,11.4988917949884,758450,0.0000,1.0
2001-08-03,43.28,43.5,42.35,43.29,11.9977591179814,721900,0.0000,1.0
2001-08-02,43.15,43.51,42.7,42.95,11.9035286236383,885400,0.0000,1.0
2001-08-01,43.69,43.69,42.8,42.98,11.9118430790215,644400,0.0000,1.0
2001-07-31,42.9,43.85,42.9,43.68,12.1058470379632,809750,0.0000,1.0
2001-07-30,42.75,43.36,42.5,42.78,11.8564133764667,650650,0.0000,1.0
2001-07-27,42.5,42.77,42.07,42.33,11.7316965457185,658050,0.0000,1.0
2001-07-26,42.4,42.87,41.85,42.79,11.8591848615945,380200,0.0000,1.0
2001-07-25,41.7,42.5,41.7,42.46,11.7677258523791,519800,0.0000,1.0
2001-07-24,43.05,43.35,41.71,42.04,11.651323477014,954250,0.0000,1.0
2001-07-23,44.3,44.3,42.65,43.05,11.9312434749157,677950,0.0000,1.0
2001-07-20,43.15,44.28,43.15,44.08,12.2167064430728,757300,0.0000,1.0
2001-07-19,44.65,45.2,44.12,44.23,12.2582787199888,1014350,0.0000,1.0
2001-07-18,44.3,44.55,43.81,44.45,12.3192513927991,736800,0.0000,1.0
2001-07-17,43.36,44.85,43.0,44.45,12.3192513927991,1594000,0.0000,1.0
2001-07-16,44.5,44.5,43.01,43.11,11.9478723856821,749150,0.0000,1.0
2001-07-13,44.29,44.7,43.43,44.42,12.3109369374159,671050,0.0000,1.0
2001-07-12,42.58,44.45,42.5,44.29,12.2749076307553,1448400,0.0000,1.0
2001-07-11,42.65,42.93,42.15,42.59,11.8037551590397,772600,0.0000,1.0
2001-07-10,43.02,43.4,42.62,42.65,11.8203840698061,1186250,0.0000,1.0
2001-07-09,42.5,43.45,42.3,43.06,11.9340149600434,1437000,0.0000,1.0
2001-07-06,43.8,43.8,42.1,42.25,11.7095246646966,1073700,0.0000,1.0
2001-07-05,43.45,44.15,43.11,44.0,12.1945345620509,1461200,0.0000,1.0
2001-07-03,42.49,43.32,42.48,43.2,11.9728157518317,1045500,0.0000,1.0
2001-07-02,41.2,42.6,40.63,42.48,11.7732688226346,1734750,0.0000,1.0
2001-06-29,41.0,41.85,40.75,41.2,11.418518726284,2821100,0.0000,1.0
2001-06-28,43.45,44.1,43.3,43.51,12.0587317907916,727250,0.0000,1.0
2001-06-27,44.1,44.24,43.1,43.35,12.0143880287478,743300,0.0000,1.0
2001-06-26,43.5,44.15,42.85,43.97,12.1862201066676,1173850,0.0000,1.0
2001-06-25,44.8,45.15,44.01,44.01,12.1973060471786,537850,0.0000,1.0
2001-06-22,45.98,45.98,44.6,44.95,12.457825649186,845350,0.0000,1.0
2001-06-21,44.89,46.05,44.7,45.98,12.7432886173431,987700,0.0000,1.0
2001-06-20,44.7,45.6,44.57,44.89,12.4411967384196,1204150,0.0000,1.0
2001-06-19,45.65,45.83,44.2,44.79,12.4134818871422,1899250,0.0000,1.0
2001-06-18,46.17,46.4,45.49,45.68,12.660144063511,1255350,0.0000,1.0
2001-06-15,46.22,46.71,46.15,46.16,12.7931753496424,2145550,0.0000,1.0
2001-06-14,47.75,47.75,46.79,46.9,12.9982652490951,1061650,0.0000,1.0
2001-06-13,48.2,48.45,47.9,47.91,13.2781852469967,951250,0.0000,1.0
2001-06-12,48.25,48.31,47.55,48.0,13.3031286131464,957750,0.0000,1.0
2001-06-11,49.0,49.01,48.16,48.35,13.4001305926172,975400,0.0000,1.0
2001-06-08,49.55,49.6,48.6,49.07,13.5996775218144,1021750,0.0000,1.0
2001-06-07,48.53,49.43,48.53,49.42,13.6966795012853,1002350,0.0000,1.0
2001-06-06,49.65,49.78,48.5,48.53,13.4500173249165,1291050,0.0000,1.0
2001-06-05,49.42,50.0,49.07,49.78,13.7964529658839,1346650,0.0000,1.0
2001-06-04,49.36,49.49,48.87,49.42,13.6966795012853,654750,0.0000,1.0
2001-06-01,49.35,49.5,48.77,49.35,13.6772791053911,1229700,0.0000,1.0
2001-05-31,47.8,49.45,47.8,49.35,13.6772791053911,1111750,0.0000,1.0
2001-05-30,48.5,49.07,47.85,48.05,13.3169860387851,1604650,0.0000,1.0
2001-05-29,48.75,49.85,48.75,49.5,13.7188513823072,873350,0.0000,1.0
2001-05-25,48.85,49.34,48.56,48.77,13.5165329679823,796250,0.0000,1.0
2001-05-24,49.0,49.45,48.53,48.99,13.5775056407925,888750,0.0000,1.0
2001-05-23,49.1,49.95,49.1,49.32,13.6689646500079,1341100,0.0000,1.0
2001-05-22,49.79,50.28,49.62,49.95,13.8435682130555,1444800,0.0000,1.0
2001-05-21,49.16,49.94,48.5,49.8,13.8019959361394,927450,0.0000,1.0
2001-05-18,49.9,49.99,49.01,49.41,13.6939080161576,949000,0.0000,1.0
2001-05-17,48.86,49.9,48.85,49.2,13.635706828475,1286900,0.0000,1.0
2001-05-16,46.9,49.5,46.85,49.07,13.5996775218144,1274150,0.0000,1.0
2001-05-15,46.7,46.84,46.15,46.8,12.9705503978177,1105750,0.0000,1.0
2001-05-14,47.04,47.24,46.6,47.22,13.0869527731828,623700,0.1700,1.0
2001-05-11,46.7,47.05,46.49,46.96,12.9682064196806,1103100,0.0000,1.0
2001-05-10,46.12,46.83,46.12,46.53,12.8494600661784,1330750,0.0000,1.0
2001-05-09,46.05,46.59,45.9,46.29,12.7831830316655,577500,0.0000,1.0
2001-05-08,46.6,46.98,46.23,46.6,12.8687908679113,596800,0.0000,1.0
2001-05-07,46.95,46.98,46.69,46.72,12.9019293851677,612350,0.0000,1.0
2001-05-04,46.6,46.86,45.75,46.79,12.9212601869006,508900,0.0000,1.0
2001-05-03,46.7,46.98,46.12,46.92,12.9571602472618,731900,0.0000,1.0
2001-05-02,46.9,46.9,45.91,46.56,12.8577446954925,588150,0.0000,1.0
2001-05-01,46.4,47.0,45.89,46.99,12.9764910489947,1194650,0.0000,1.0
2001-04-30,46.8,47.0,46.02,47.0,12.9792525920994,918700,0.0000,1.0
2001-04-27,45.7,46.74,45.66,46.74,12.9074524713771,676450,0.0000,1.0
2001-04-26,44.9,46.7,44.78,46.15,12.7445214281997,987200,0.0000,1.0
2001-04-25,44.95,45.14,43.8,44.75,12.3579053935414,954750,0.0000,1.0
2001-04-24,45.6,45.82,44.76,44.95,12.4131362556355,793350,0.0000,1.0
2001-04-23,45.4,45.9,45.22,45.7,12.6202519884881,787100,0.0000,1.0
2001-04-20,45.63,45.75,44.67,45.28,12.5042671780906,930350,0.0000,1.0
2001-04-19,44.8,45.45,44.55,45.38,12.5318826091377,1493750,0.0000,1.0
2001-04-18,42.26,46.25,42.0,45.86,12.6644366781634,1928550,0.0000,1.0
2001-04-17,42.42,42.7,42.0,42.25,11.6675196173659,602550,0.0000,1.0
2001-04-16,42.5,42.98,41.6,42.67,11.7835044277634,532950,0.0000,1.0
2001-04-12,41.55,42.7,41.11,42.58,11.7586505398211,755550,0.0000,1.0
2001-04-11,42.7,42.7,41.0,41.46,11.4493577120945,1307300,0.0000,1.0
2001-04-10,42.0,43.68,41.55,43.18,11.9243431261032,1529800,0.0000,1.0
2001-04-09,42.0,42.76,41.11,42.08,11.620573384586,1500850,0.0000,1.0
2001-04-06,40.95,41.1,39.72,40.45,11.1704418585196,944600,0.0000,1.0
2001-04-05,40.28,41.75,40.11,41.45,11.4465961689898,975050,0.0000,1.0
2001-04-04,38.85,40.25,38.6,39.63,10.943995323934,1306300,0.0000,1.0
2001-04-03,39.3,39.3,38.2,38.35,10.5905178065322,1292900,0.0000,1.0
2001-04-02,39.8,41.0,38.56,39.58,10.9301876084105,979050,0.0000,1.0
2001-03-30,39.4,40.01,39.18,39.71,10.9660876687716,1113500,0.0000,1.0
2001-03-29,37.75,40.45,37.75,40.18,11.0958801946926,2900600,0.0000,1.0
2001-03-28,41.65,41.8,40.8,41.68,11.5101116603979,851350,0.0000,1.0
2001-03-27,41.5,42.02,40.42,41.95,11.5846733242249,896650,0.0000,1.0
2001-03-26,41.0,41.4,40.34,40.92,11.3002343844406,1481850,0.0000,1.0
2001-03-23,40.55,40.55,39.1,40.13,11.0820724791691,1221950,0.0000,1.0
2001-03-22,41.0,41.1,38.87,40.02,11.0516955050174,1563350,0.0000,1.0
2001-03-21,43.3,43.3,41.25,41.7,11.5156347466073,1163950,0.0000,1.0
2001-03-20,44.1,44.88,43.33,43.33,11.9657662726737,1937700,0.0000,1.0
2001-03-19,43.95,44.98,43.4,44.0,12.1507896606888,1787950,0.0000,1.0
2001-03-16,44.6,45.48,43.93,43.95,12.1369819451653,1107850,0.0000,1.0
2001-03-15,45.35,46.22,45.05,45.48,12.5594980401847,1445550,0.0000,1.0
2001-03-14,45.05,45.79,45.05,45.35,12.5235979798236,1465700,0.0000,1.0
2001-03-13,46.6,46.6,45.1,45.65,12.6064442729646,1326850,0.0000,1.0
2001-03-12,47.71,47.71,45.95,45.96,12.6920521092104,1153950,0.0000,1.0
2001-03-09,48.1,48.25,47.43,47.71,13.1753221525332,1220150,0.0000,1.0
2001-03-08,47.97,48.85,47.46,48.48,13.3879609715953,1974900,0.0000,1.0
2001-03-07,46.15,48.0,46.15,47.92,13.233314557732,1545800,0.0000,1.0
2001-03-06,47.25,47.33,45.75,46.0,12.7030982816292,1713200,0.0000,1.0
2001-03-05,44.35,46.49,44.35,46.4,12.8135600058173,1564350,0.0000,1.0
2001-03-02,43.5,44.24,43.5,44.1,12.1784050917358,1299800,0.0000,1.0
2001-03-01,43.1,43.57,42.54,43.3,11.9574816433596,950500,0.0000,1.0
2001-02-28,44.44,44.5,42.5,43.35,11.9712893588832,767950,0.0000,1.0
2001-02-27,43.85,44.25,43.65,44.19,12.2032589796781,1169350,0.0000,1.0
2001-02-26,43.48,45.0,43.38,44.65,12.3302899624944,1427900,0.0000,1.0
2001-02-23,44.02,44.24,43.02,43.47,12.0044278761396,915300,0.0000,1.0
2001-02-22,44.05,44.2,43.86,44.18,12.2004974365734,888400,0.0000,1.0
2001-02-21,44.07,44.24,43.8,44.1,12.1784050917358,1213050,0.0000,1.0
2001-02-20,43.9,44.6,43.67,44.06,12.167358919317,663800,0.0000,1.0
2001-02-16,45.27,45.38,44.0,44.66,12.3330515055991,834450,0.0000,1.0
2001-02-15,43.5,45.52,43.42,45.52,12.5705442126035,1351750,0.1700,1.0
2001-02-14,44.63,45.18,43.75,43.98,12.1000773576341,1226550,0.0000,1.0
2001-02-13,44.82,45.43,44.62,44.62,12.2761585197279,820800,0.0000,1.0
2001-02-12,44.06,45.55,44.06,44.82,12.3311838828822,666050,0.0000,1.0
2001-02-09,44.75,44.75,43.85,44.06,12.1220875028958,551250,0.0000,1.0
2001-02-08,44.36,44.73,44.14,44.65,12.284412324201,436300,0.0000,1.0
2001-02-07,43.8,44.71,43.75,44.54,12.2541483744662,533100,0.0000,1.0
2001-02-06,43.52,43.85,43.05,43.55,11.9817728268523,729650,0.0000,1.0
2001-02-05,43.95,44.22,43.69,43.77,12.0423007263221,943600,0.0000,1.0
2001-02-02,44.4,44.97,44.16,44.41,12.2183818884159,775700,0.0000,1.0
2001-02-01,44.28,44.97,43.81,44.2,12.1606052571038,956150,0.0000,1.0
2001-01-31,44.0,44.9,43.6,44.31,12.1908692068387,1341250,0.0000,1.0
2001-01-30,42.85,43.62,41.87,43.49,11.965265217906,914800,0.0000,1.0
2001-01-29,42.0,42.86,41.91,42.4,11.665376988715,611950,0.0000,1.0
2001-01-26,42.75,42.75,41.25,42.31,11.6406155752955,860600,0.0000,1.0
2001-01-25,41.38,42.88,41.13,42.69,11.7451637652887,1636700,0.0000,1.0
2001-01-24,40.0,40.63,39.69,40.06,11.0215802398095,2291150,0.0000,1.0
2001-01-23,38.75,39.75,38.31,39.06,10.7464534240379,1536050,0.0000,1.0
2001-01-22,38.5,39.31,38.25,38.88,10.696930597199,1236050,0.0000,1.0
2001-01-19,39.5,39.5,38.5,38.88,10.696930597199,983150,0.0000,1.0
2001-01-18,39.88,39.88,38.56,39.25,10.7987275190345,907800,0.0000,1.0
2001-01-17,40.38,40.38,39.56,39.88,10.9720574129706,624850,0.0000,1.0
2001-01-16,39.0,40.31,38.5,40.0,11.0050726308632,1405450,0.0000,1.0
2001-01-12,41.25,41.25,38.06,38.75,10.6611641111487,2670000,0.0000,1.0
2001-01-11,41.88,41.88,40.38,41.0,11.2801994466348,1153950,0.0000,1.0
2001-01-10,42.25,42.31,40.19,41.56,11.4342704634669,1219800,0.0000,1.0
2001-01-09,42.13,42.5,41.81,42.0,11.5553262624064,659050,0.0000,1.0
2001-01-08,42.44,42.5,41.31,41.75,11.4865445584635,904150,0.0000,1.0
2001-01-05,44.25,44.25,42.06,42.44,11.6763820613458,1526050,0.0000,1.0
2001-01-04,42.0,44.31,41.69,44.06,12.1220875028958,1616950,0.0000,1.0
2001-01-03,40.31,42.0,39.5,41.31,11.365488759524,1428400,0.0000,1.0
2001-01-02,41.25,41.31,39.75,40.63,11.1784025247993,1186750,0.0000,1.0
2000-12-29,41.88,42.25,41.69,41.88,11.5223110445138,1034000,0.0000,1.0
2000-12-28,42.0,42.0,40.56,41.63,11.4535293405709,1002200,0.0000,1.0
2000-12-27,41.13,41.5,39.69,41.31,11.365488759524,1529150,0.0000,1.0
2000-12-26,40.5,41.0,39.25,40.87,11.2444329605845,728500,0.0000,1.0
2000-12-22,38.94,40.63,38.88,40.56,11.1591436476953,1016600,0.0000,1.0
2000-12-21,38.06,39.31,37.94,39.13,10.7657123011419,749050,0.0000,1.0
2000-12-20,38.63,38.69,37.44,38.19,10.5070930943166,1136400,0.0000,1.0
2000-12-19,39.25,39.69,38.06,39.0,10.7299458150916,1319200,0.0000,1.0
2000-12-18,38.06,39.63,38.0,38.94,10.7134382061453,2160700,0.0000,1.0
2000-12-15,37.5,38.94,37.5,38.06,10.4713266082663,1338100,0.0000,1.0
2000-12-14,39.25,39.69,38.44,38.75,10.6611641111487,1074800,0.0000,1.0
2000-12-13,41.88,42.25,39.63,39.81,10.9527985358666,1631200,0.0000,1.0
2000-12-12,41.88,43.06,41.63,42.13,11.5910927484567,552750,0.0000,1.0
2000-12-11,41.56,42.38,41.06,41.75,11.4865445584635,725500,0.0000,1.0
2000-12-08,42.25,42.25,41.63,41.81,11.5030521674098,818800,0.0000,1.0
2000-12-07,41.94,42.56,41.5,41.69,11.4700369495172,981050,0.0000,1.0
2000-12-06,43.81,44.0,41.69,41.94,11.5388186534601,1133300,0.0000,1.0
2000-12-05,43.81,44.81,43.13,44.31,12.1908692068387,1501250,0.0000,1.0
2000-12-04,41.5,44.25,41.5,43.81,12.0533057989529,1646850,0.0000,1.0
2000-12-01,40.75,42.25,40.56,41.88,11.5223110445138,1065200,0.0000,1.0
2000-11-30,40.63,41.31,39.81,40.25,11.0738543348061,1115750,0.0000,1.0
2000-11-29,39.19,40.63,38.94,40.63,11.1784025247993,991450,0.0000,1.0
2000-11-28,39.44,39.44,38.25,38.81,10.677671720095,408900,0.0000,1.0
2000-11-27,39.25,39.5,38.25,39.25,10.7987275190345,532450,0.0000,1.0
2000-11-24,38.56,39.56,38.44,39.44,10.8510016140311,346400,0.0000,1.0
2000-11-22,38.38,38.69,38.0,38.44,10.5758747982595,602050,0.0000,1.0
2000-11-21,37.56,38.69,37.56,38.56,10.6088900161521,682200,0.0000,1.0
2000-11-20,37.75,37.75,37.0,37.5,10.3172555914342,789750,0.0000,1.0
2000-11-17,36.63,38.38,36.63,37.69,10.3695296864308,952500,0.0000,1.0
2000-11-16,38.0,38.0,37.06,37.38,10.2842403735417,824150,0.0000,1.0
2000-11-15,37.88,38.69,37.75,38.0,10.45481899932,1270150,0.0000,1.0
2000-11-14,36.75,38.13,36.75,37.44,10.3007479824879,1246700,0.0000,1.0
2000-11-13,36.44,37.56,36.38,36.94,10.1631845746022,786100,0.1700,1.0
2000-11-10,37.81,37.94,36.81,36.88,10.1001952872899,788600,0.0000,1.0
2000-11-09,39.38,39.38,37.38,38.06,10.4233577178485,899300,0.0000,1.0
2000-11-08,37.63,38.63,37.25,38.31,10.4918243344923,654000,0.0000,1.0
2000-11-07,37.38,37.75,36.75,37.5,10.2699924965664,1184850,0.0000,1.0
2000-11-06,36.38,37.94,36.13,37.63,10.3055951372212,856700,0.0000,1.0
2000-11-03,36.63,36.94,36.25,36.75,10.0645926466351,504900,0.0000,1.0
2000-11-02,36.5,37.56,36.38,36.88,10.1001952872899,1443550,0.0000,1.0
2000-11-01,37.25,38.19,37.13,37.75,10.3384591132102,904150,0.0000,1.0
2000-10-31,37.0,38.06,36.44,37.75,10.3384591132102,1443900,0.0000,1.0
2000-10-30,33.13,36.25,33.13,36.13,9.89479543735855,1793350,0.0000,1.0
2000-10-27,33.25,33.44,32.75,33.13,9.07319603763324,761800,0.0000,1.0
2000-10-26,33.0,34.0,32.94,33.13,9.07319603763324,1069700,0.0000,1.0
2000-10-25,33.31,33.56,32.88,32.88,9.00472942098946,1029500,0.0000,1.0
2000-10-24,33.75,34.06,33.38,33.94,9.29502787555907,796100,0.0000,1.0
2000-10-23,32.13,33.75,32.13,33.25,9.10606001362225,1136400,0.0000,1.0
2000-10-20,30.69,32.75,30.63,32.38,8.86779618770191,1152950,0.0000,1.0
2000-10-19,31.0,31.13,30.25,30.94,8.47342847583376,1716700,0.0000,1.0
2000-10-18,29.5,32.06,29.5,30.5,8.35292723054071,2290650,0.0000,1.0
2000-10-17,33.13,33.13,31.88,32.06,8.78015891839788,646650,0.0000,1.0
2000-10-16,33.44,33.63,32.63,32.94,9.02116140898397,784000,0.0000,1.0
2000-10-13,33.75,33.81,32.88,33.19,9.08962802562774,1281650,0.0000,1.0
2000-10-12,34.94,35.13,33.13,33.94,9.29502787555907,962900,0.0000,1.0
2000-10-11,34.81,35.81,34.56,34.94,9.56889434213418,828400,0.0000,1.0
2000-10-10,35.63,35.63,34.75,34.75,9.51685971348491,960250,0.0000,1.0
2000-10-09,34.13,35.75,34.06,35.44,9.70582757542173,656250,0.0000,1.0
2000-10-06,35.56,36.44,33.25,34.13,9.34706250420835,1233800,0.0000,1.0
2000-10-05,35.69,36.25,35.0,35.5,9.72225956341624,718350,0.0000,1.0
2000-10-04,35.13,36.75,35.06,35.69,9.77429419206551,1493850,0.0000,1.0
2000-10-03,33.75,36.0,33.75,35.44,9.70582757542173,1345100,0.0000,1.0
2000-10-02,33.37,33.69,33.06,33.56,9.19095861826053,1121500,0.0000,1.0
2000-09-29,34.13,34.88,33.44,33.94,9.29502787555907,1244450,0.0000,1.0
2000-09-28,32.94,34.69,32.88,34.13,9.34706250420835,1658900,0.0000,1.0
2000-09-27,34.0,34.13,31.88,32.69,8.95269479234019,2529150,0.0000,1.0
2000-09-26,34.5,34.63,33.13,34.13,9.34706250420835,1329200,0.0000,1.0
2000-09-25,34.13,35.5,33.88,34.63,9.4839957374959,1983150,0.0000,1.0
2000-09-22,34.5,36.06,33.81,34.25,9.37992648019736,3400150,0.0000,1.0
2000-09-21,36.19,36.5,35.56,35.81,9.80715816805452,1970250,0.0000,1.0
2000-09-20,35.75,36.75,35.19,35.94,9.84276080870928,1656750,0.0000,1.0
2000-09-19,37.5,37.56,35.06,35.69,9.77429419206551,5544200,0.0000,1.0
2000-09-18,42.19,42.19,39.63,39.75,10.8861920463604,2123000,0.0000,1.0
2000-09-15,45.13,45.13,42.38,42.44,11.6228928414475,1381300,0.0000,1.0
2000-09-14,45.0,45.69,44.94,45.13,12.3595936365345,791850,0.0000,1.0
2000-09-13,44.25,45.13,43.94,45.0,12.3239909958797,1149700,0.0000,1.0
2000-09-12,44.44,45.5,43.88,44.88,12.2911270198907,1288650,0.0000,1.0
2000-09-11,44.75,45.22,43.88,44.06,12.0665565172991,1240450,0.0000,1.0
2000-09-08,45.88,45.94,44.0,44.25,12.1185911459484,1329700,0.0000,1.0
2000-09-07,47.25,47.31,45.94,46.13,12.6334601031096,1479600,0.0000,1.0
2000-09-06,48.0,48.75,47.44,47.5,13.0086571623175,1463050,0.0000,1.0
2000-09-05,46.94,48.0,46.25,47.88,13.112726419616,1842300,0.0000,1.0
2000-09-01,45.63,47.0,45.63,46.94,12.8552919410354,1015600,0.0000,1.0
2000-08-31,44.63,46.38,44.56,45.58,12.4828335464933,1488250,0.0000,1.0
2000-08-30,45.0,45.75,43.75,44.56,12.2034897505867,1707450,0.0000,1.0
2000-08-29,45.0,46.19,43.31,45.81,12.5458228338056,3686100,0.0000,1.0
2000-08-28,40.25,41.69,40.06,41.19,11.2805597582286,935850,0.0000,1.0
2000-08-25,40.25,40.31,39.75,40.25,11.023125279648,712600,0.0000,1.0
2000-08-24,40.5,40.69,39.75,40.06,10.9710906509987,904050,0.0000,1.0
2000-08-23,42.13,42.13,40.25,40.88,11.1956611535903,884000,0.0000,1.0
2000-08-22,41.25,42.38,40.69,42.13,11.5379942368092,573400,0.0000,1.0
2000-08-21,42.0,42.0,40.5,41.31,11.3134237342176,785250,0.0000,1.0
2000-08-18,40.5,41.63,40.38,41.25,11.2969917462231,1431650,0.0000,1.0
2000-08-17,44.0,44.06,42.06,42.38,11.606460853453,1353650,0.0000,1.0
2000-08-16,42.5,43.88,41.88,43.69,11.9652259246664,1641200,0.0000,1.0
2000-08-15,41.19,42.5,40.88,42.5,11.639324829442,1723500,0.0000,1.0
2000-08-14,41.13,41.94,40.56,41.19,11.2805597582286,911950,0.1700,1.0
2000-08-11,39.19,41.88,39.13,41.19,11.2341938211179,1247350,0.0000,1.0
2000-08-10,40.0,40.0,39.06,39.06,10.6532559032014,404750,0.0000,1.0
2000-08-09,40.5,40.56,39.63,39.88,10.8769033645589,671300,0.0000,1.0
2000-08-08,40.13,41.0,39.75,40.19,10.9614530145843,1162950,0.0000,1.0
2000-08-07,38.75,39.69,38.06,39.5,10.7732618580761,840450,0.0000,1.0
2000-08-04,37.94,39.13,37.88,38.75,10.568706253176,638850,0.0000,1.0
2000-08-03,38.94,39.94,37.94,38.13,10.3996069531251,779200,0.0000,1.0
2000-08-02,38.94,39.25,38.56,38.63,10.5359773563919,407900,0.0000,1.0
2000-08-01,39.44,39.5,38.56,38.75,10.568706253176,981800,0.0000,1.0
2000-07-31,38.44,39.94,38.38,39.25,10.7050766564427,1482200,0.0000,1.0
2000-07-28,38.88,39.13,37.5,38.06,10.3805150966678,1283150,0.0000,1.0
2000-07-27,37.63,39.06,37.63,38.88,10.6041625580253,1341600,0.0000,1.0
2000-07-26,38.88,39.0,38.13,38.5,10.5005210515426,1560350,0.0000,1.0
2000-07-25,39.81,39.81,39.13,39.19,10.6887122080507,1011450,0.0000,1.0
2000-07-24,40.56,40.63,39.69,39.81,10.8578115081015,589150,0.0000,1.0
2000-07-21,41.5,41.63,40.38,40.81,11.1305523146351,1218150,0.0000,1.0
2000-07-20,41.94,42.0,40.38,41.56,11.3351079195353,2087700,0.0000,1.0
2000-07-19,46.0,46.0,39.75,41.94,11.4387494260181,4044700,0.0000,1.0
2000-07-18,44.0,45.5,43.94,45.38,12.3769778004936,630750,0.0000,1.0
2000-07-17,45.0,45.0,43.44,43.97,11.9924132632812,398000,0.0000,1.0
2000-07-14,44.75,45.0,43.75,44.94,12.2569718456188,666550,0.0000,1.0
2000-07-13,43.88,45.19,43.88,45.13,12.3087925988602,595450,0.0000,1.0
2000-07-12,44.0,44.13,42.94,43.63,11.8996813890598,544450,0.0000,1.0
2000-07-11,42.19,44.38,42.19,43.81,11.9487747342358,692700,0.0000,1.0
2000-07-10,41.31,43.0,41.13,42.44,11.5751198292848,544950,0.0000,1.0
2000-07-07,41.75,42.19,40.38,41.25,11.2505582695099,1143450,0.0000,1.0
2000-07-06,42.0,42.5,41.19,41.19,11.2341938211179,330650,0.0000,1.0
2000-07-05,41.69,43.19,41.56,42.19,11.5069346276515,804250,0.0000,1.0
2000-07-03,39.75,41.88,39.56,41.81,11.4032931211687,369200,0.0000,1.0
2000-06-30,40.63,41.5,40.0,40.25,10.9778174629763,933100,0.0000,1.0
2000-06-29,41.31,41.44,39.5,40.88,11.1496441710925,868100,0.0000,1.0
2000-06-28,42.5,43.25,41.38,41.54,11.3296531034046,684450,0.0000,1.0
2000-06-27,40.88,43.44,40.75,42.94,11.7114902325516,1115000,0.0000,1.0
2000-06-26,41.5,41.94,40.44,40.5,11.0460026646097,516800,0.0000,1.0
2000-06-23,39.69,41.0,39.69,40.44,11.0296382162177,524200,0.0000,1.0
2000-06-22,40.0,40.38,39.38,39.69,10.8250826113175,1272650,0.0000,1.0
2000-06-21,40.25,41.13,39.63,39.81,10.8578115081015,867750,0.0000,1.0
2000-06-20,42.25,42.25,40.69,40.81,11.1305523146351,714250,0.0000,1.0
2000-06-19,42.75,42.88,41.63,41.69,11.3705642243847,575400,0.0000,1.0
2000-06-16,43.5,44.06,42.69,43.31,11.8124043309691,623600,0.0000,1.0
2000-06-15,44.75,44.94,43.63,44.06,12.0169599358692,585900,0.0000,1.0
2000-06-14,43.25,44.94,43.13,44.44,12.120601442352,700350,0.0000,1.0
2000-06-13,44.19,44.25,43.0,43.25,11.796039882577,511650,0.0000,1.0
2000-06-12,44.75,45.13,44.13,44.44,12.120601442352,573000,0.0000,1.0
2000-06-09,44.13,45.31,44.0,44.06,12.0169599358692,585400,0.0000,1.0
2000-06-08,44.38,44.75,43.5,43.94,11.9842310390852,1012100,0.0000,1.0
2000-06-07,47.19,47.5,44.25,44.44,12.120601442352,1102850,0.0000,1.0
2000-06-06,48.06,48.06,46.69,47.44,12.9388238619527,383850,0.0000,1.0
2000-06-05,48.94,49.19,47.75,48.06,13.1079231620035,416000,0.0000,1.0
2000-06-02,48.81,50.63,47.81,48.94,13.3479350717531,1079300,0.0000,1.0
2000-06-01,45.81,49.38,45.63,48.81,13.3124787669037,827550,0.0000,1.0
2000-05-31,46.25,46.5,45.5,45.56,12.4260711456696,496250,0.0000,1.0
2000-05-30,45.75,47.13,45.75,46.81,12.7669971538366,488000,0.0000,1.0
2000-05-26,45.75,46.75,45.38,45.5,12.4097066972776,797500,0.0000,1.0
2000-05-25,49.0,49.13,45.69,45.88,12.5133482037603,1087950,0.0000,1.0
2000-05-24,46.5,47.75,46.31,47.5,12.9551883103447,786250,0.0000,1.0
2000-05-23,48.0,48.0,46.38,46.5,12.6824475038112,421400,0.0000,1.0
2000-05-22,48.38,48.38,47.31,47.81,13.0397379603701,453550,0.0000,1.0
2000-05-19,48.44,48.88,47.31,47.75,13.0233735119781,575150,0.0000,1.0
2000-05-18,49.25,49.31,48.38,49.06,13.3806639685371,639750,0.0000,1.0
2000-05-17,49.81,50.56,49.5,49.56,13.5170343718039,954900,0.0000,1.0
2000-05-16,49.88,51.38,49.5,50.81,13.8579603799709,1286150,0.0000,1.0
2000-05-15,46.5,48.94,46.5,48.31,13.1761083636369,611700,0.0000,1.0
2000-05-12,46.44,46.75,45.38,46.25,12.6142623021778,963000,0.1700,1.0
2000-05-11,45.75,47.0,45.63,45.88,12.4675216377405,382600,0.0000,1.0
2000-05-10,45.56,46.13,44.81,45.25,12.2963241958971,549850,0.0000,1.0
2000-05-09,45.88,46.55,45.31,45.81,12.4484996997579,466700,0.0000,1.0
2000-05-08,46.0,47.25,46.0,46.63,12.6713281161256,575900,0.0000,1.0
2000-05-05,45.63,46.63,45.5,46.38,12.6033926233306,267900,0.0000,1.0
2000-05-04,46.19,46.25,45.5,45.56,12.3805642069629,653250,0.0000,1.0
2000-05-03,47.0,47.13,46.13,46.44,12.6196971416014,612100,0.0000,1.0
2000-05-02,46.81,47.81,46.13,47.44,12.8914391127814,603800,0.0000,1.0
2000-05-01,46.69,46.88,45.63,46.56,12.652306178143,1013850,0.0000,1.0
2000-04-28,46.75,47.13,45.38,46.94,12.7555681271914,934200,0.0000,1.0
2000-04-27,45.38,47.5,44.88,47.0,12.7718726454622,851850,0.0000,1.0
2000-04-26,46.38,46.69,44.5,45.38,12.3316506521505,888750,0.0000,1.0
2000-04-25,44.81,46.38,44.44,46.25,12.5680661670772,875350,0.0000,1.0
2000-04-24,43.63,46.25,43.63,45.81,12.4484996997579,926450,0.0000,1.0
2000-04-20,42.63,44.63,42.56,44.06,11.9729512501928,1051050,0.0000,1.0
2000-04-19,43.75,44.0,41.19,41.25,11.2093563111769,1043650,0.0000,1.0
2000-04-18,43.81,44.5,43.0,43.31,11.7691447718078,1964100,0.0000,1.0
2000-04-17,42.19,45.38,42.19,43.56,11.8370802646028,1250450,0.0000,1.0
2000-04-14,47.0,47.0,41.5,41.94,11.3968582712911,1948850,0.0000,1.0
2000-04-13,47.06,48.56,47.06,48.25,13.1115501094372,1012950,0.0000,1.0
2000-04-12,44.81,48.31,44.81,46.81,12.720241670938,1412100,0.0000,1.0
2000-04-11,45.25,46.63,44.88,45.06,12.2446932213729,656900,0.0000,1.0
2000-04-10,43.88,45.88,43.31,45.5,12.3642596886921,874350,0.0000,1.0
2000-04-07,45.25,45.44,44.0,44.13,11.9919731881755,618350,0.0000,1.0
2000-04-06,45.63,46.88,44.94,45.25,12.2963241958971,498650,0.0000,1.0
2000-04-05,46.38,47.56,44.75,45.56,12.3805642069629,779200,0.0000,1.0
2000-04-04,44.38,47.88,44.25,47.0,12.7718726454622,1837150,0.0000,1.0
2000-04-03,44.5,44.56,43.25,44.25,12.0245822247171,905650,0.0000,1.0
2000-03-31,45.38,46.06,44.25,44.25,12.0245822247171,1163350,0.0000,1.0
2000-03-30,43.25,47.88,43.0,45.44,12.3479551704213,1627300,0.0000,1.0
2000-03-29,42.38,43.0,41.56,42.94,11.6686002424712,1108850,0.0000,1.0
2000-03-28,42.0,43.5,41.0,41.56,11.2935963222427,1188000,0.0000,1.0
2000-03-27,42.44,43.25,40.56,40.56,11.0218543510627,957400,0.0000,1.0
2000-03-24,42.13,42.69,41.56,42.31,11.4974028006278,836700,0.0000,1.0
2000-03-23,41.75,42.75,41.31,42.38,11.5164247386104,1913050,0.0000,1.0
2000-03-22,42.69,43.5,41.81,42.0,11.413162789562,1104000,0.0000,1.0
2000-03-21,41.38,43.81,40.25,42.69,11.6006647496762,1227450,0.0000,1.0
2000-03-20,41.38,42.25,40.88,41.38,11.2446827674303,953500,0.0000,1.0
2000-03-17,42.94,42.94,40.19,40.5,11.0055498327919,978650,0.0000,1.0
2000-03-16,39.0,43.69,38.75,42.94,11.6686002424712,1606050,0.0000,1.0
2000-03-15,35.38,38.88,35.38,38.25,10.3941303976368,1238450,0.0000,1.0
2000-03-14,35.75,36.13,35.13,35.38,9.61423094035005,1006100,0.0000,1.0
2000-03-13,35.5,35.75,35.13,35.5,9.64683997689165,960650,0.0000,1.0
2000-03-10,36.19,36.88,35.5,36.0,9.78271096248167,666800,0.0000,1.0
2000-03-09,35.0,36.19,34.13,35.88,9.75010192594007,946750,0.0000,1.0
2000-03-08,35.13,36.63,35.0,35.0,9.51096899130163,1302050,0.0000,1.0
2000-03-07,37.88,38.13,34.81,34.88,9.47835995476002,1392850,0.0000,1.0
2000-03-06,37.5,38.81,36.5,37.31,10.1386929447275,1616800,0.0000,1.0
2000-03-03,36.75,38.38,36.19,36.88,10.0218438971201,2057250,0.0000,1.0
2000-03-02,37.56,37.56,35.06,35.94,9.76640644421087,1153300,0.0000,1.0
2000-03-01,38.13,38.25,37.0,37.81,10.2745639303176,733650,0.0000,1.0
2000-02-29,36.88,38.81,36.88,38.31,10.4104349159076,1759800,0.0000,1.0
2000-02-28,35.38,37.88,35.19,37.13,10.0897793899151,1733500,0.0000,1.0
2000-02-25,36.5,36.56,35.13,35.38,9.61423094035005,1448150,0.0000,1.0
2000-02-24,38.31,38.31,35.63,35.75,9.71477546968666,2386400,0.0000,1.0
2000-02-23,40.0,40.13,37.0,37.31,10.1386929447275,1579100,0.0000,1.0
2000-02-22,40.38,41.06,39.5,40.75,11.0734853255869,554250,0.0000,1.0
2000-02-18,41.63,41.69,39.75,40.63,11.0408762890453,730250,0.0000,1.0
2000-02-17,42.38,42.44,41.09,41.81,11.3615318150377,511650,0.0000,1.0
2000-02-16,43.13,44.0,41.94,42.5,11.549033775152,960250,0.0000,1.0
2000-02-15,41.38,43.75,40.69,43.13,11.7202312169954,1999050,0.0000,1.0
2000-02-14,39.13,41.19,38.94,41.13,11.1767472746353,1717100,0.0000,1.0
2000-02-11,40.69,40.94,38.25,38.94,10.581632357751,1723250,0.1700,1.0
2000-02-10,43.0,44.38,39.75,40.19,10.8738380071085,3722900,0.0000,1.0
2000-02-09,44.5,44.88,42.75,42.75,11.5664736204003,1183750,0.0000,1.0
2000-02-08,45.06,45.75,44.19,44.38,12.0074877023009,892900,0.0000,1.0
2000-02-07,46.25,46.38,44.75,45.06,12.1914690370816,837950,0.0000,1.0
2000-02-04,46.25,46.63,45.75,46.5,12.5810765695582,1336850,0.0000,1.0
2000-02-03,46.44,47.25,45.38,45.81,12.3943896269132,964650,0.0000,1.0
2000-02-02,47.0,47.88,46.44,46.44,12.5648429223717,621700,0.0000,1.0
2000-02-01,46.75,47.56,45.81,46.06,12.4620298235237,484600,0.0000,1.0
2000-01-31,47.25,47.25,46.31,47.06,12.7325906099658,602800,0.0000,1.0
2000-01-28,47.13,47.69,46.88,47.0,12.7163569627793,891750,0.0000,1.0
2000-01-27,48.0,50.25,46.63,47.88,12.9544504548483,1150300,0.0000,1.0
2000-01-26,47.25,49.44,45.56,49.25,13.325118732274,1845400,0.0000,1.0
2000-01-25,46.75,47.0,44.5,45.94,12.4295625291506,1557450,0.0000,1.0
2000-01-24,47.94,48.25,46.69,47.19,12.7677635122033,1412000,0.0000,1.0
2000-01-21,49.56,49.69,47.5,48.19,13.0383242986454,1323200,0.0000,1.0
2000-01-20,52.0,52.5,49.19,50.61,13.6930814018353,1347650,0.0000,1.0
2000-01-19,53.25,53.31,51.31,52.0,14.0691608949898,1420100,0.0000,1.0
2000-01-18,52.88,53.5,52.19,53.0,14.339721681432,443800,0.0000,1.0
2000-01-14,53.69,54.19,52.81,53.31,14.423595525229,662550,0.0000,1.0
2000-01-13,54.0,54.88,53.31,53.31,14.423595525229,1011450,0.0000,1.0
2000-01-12,55.19,56.38,54.38,54.56,14.7617965082816,745900,0.0000,1.0
2000-01-11,56.31,57.25,55.44,55.44,14.9998900003507,688950,0.0000,1.0
2000-01-10,57.75,57.75,55.25,56.06,15.1676376879448,917300,0.0000,1.0
2000-01-07,57.0,57.25,55.94,57.25,15.4896050238109,1229050,0.0000,1.0
2000-01-06,52.13,54.75,51.13,54.69,14.7969694105191,1499350,0.0000,1.0
2000-01-05,51.88,53.25,51.25,52.75,14.2720814848214,816550,0.0000,1.0
2000-01-04,52.75,53.25,51.38,51.94,14.0529272478033,999200,0.0000,1.0
2000-01-03,54.56,54.63,51.44,53.0,14.339721681432,727150,0.0000,1.0
1999-12-31,54.63,55.25,54.06,55.06,14.8970769015027,169100,0.0000,1.0
1999-12-30,54.5,54.88,53.5,54.19,14.6616890172981,489400,0.0000,1.0
1999-12-29,54.0,54.75,53.38,54.38,14.7130955667221,603200,0.0000,1.0
1999-12-28,51.75,54.63,51.75,54.0,14.6102824678741,643000,0.0000,1.0
1999-12-27,51.13,51.88,50.19,51.5,13.9338805017688,677700,0.0000,1.0
1999-12-23,49.44,50.94,49.44,50.81,13.7471935591237,414500,0.0000,1.0
1999-12-22,49.75,49.81,48.88,49.19,13.3088850850875,479250,0.0000,1.0
1999-12-21,49.13,50.06,48.19,49.94,13.5118056749191,722250,0.0000,1.0
1999-12-20,50.25,50.88,48.5,49.0,13.2574785356635,656900,0.0000,1.0
1999-12-17,49.75,50.94,49.75,49.75,13.4603991254951,1530650,0.0000,1.0
1999-12-16,49.19,50.31,48.94,49.88,13.4955720277326,1439000,0.0000,1.0
1999-12-15,47.63,49.25,47.63,49.19,13.3088850850875,1553200,0.0000,1.0
1999-12-14,46.88,47.69,46.75,47.56,12.8678710031869,1334100,0.0000,1.0
1999-12-13,46.56,46.94,46.06,46.75,12.6487167661688,706500,0.0000,1.0
1999-12-10,46.75,47.69,45.38,46.81,12.6649504133553,1305550,0.0000,1.0
1999-12-09,46.13,46.25,44.88,45.63,12.3456886853536,720500,0.0000,1.0
1999-12-08,45.63,46.56,45.06,46.25,12.5134363729477,579300,0.0000,1.0
1999-12-07,47.63,47.63,45.5,46.16,12.4890859021679,856600,0.0000,1.0
1999-12-06,47.25,48.5,47.19,47.63,12.8868102582378,1941700,0.0000,1.0
1999-12-03,46.13,48.38,46.06,48.25,13.0545579458319,1820900,0.0000,1.0
1999-12-02,46.0,46.5,45.19,45.63,12.3456886853536,2092550,0.0000,1.0
1999-12-01,48.25,49.25,47.0,47.38,12.8191700616273,2144550,0.0000,1.0
1999-11-30,47.25,48.88,47.25,48.44,13.1059644952559,1109850,0.0000,1.0
1999-11-29,46.63,47.44,46.0,47.25,12.7839971593898,852100,0.0000,1.0
1999-11-26,47.5,47.88,47.25,47.25,12.7839971593898,352550,0.0000,1.0
1999-11-24,46.81,48.0,45.75,47.25,12.7839971593898,1275650,0.0000,1.0
1999-11-23,49.5,49.5,46.06,47.06,12.7325906099658,2103600,0.0000,1.0
1999-11-22,49.0,50.38,48.75,49.0,13.2574785356635,1051550,0.0000,1.0
1999-11-19,50.75,51.0,48.56,49.0,13.2574785356635,1424500,0.0000,1.0
1999-11-18,51.75,52.13,51.19,51.5,13.9338805017688,1376650,0.0000,1.0
1999-11-17,52.5,52.94,51.81,52.0,14.0691608949898,923600,0.0000,1.0
1999-11-16,50.0,53.0,50.0,52.69,14.2558478376349,1649100,0.0000,1.0
1999-11-15,47.75,49.88,47.63,49.38,13.3602916345115,778200,0.0000,1.0
1999-11-12,47.56,48.13,46.88,47.56,12.8678710031869,420400,0.1700,1.0
1999-11-11,47.13,47.81,47.0,47.31,12.7546402086899,887400,0.0000,1.0
1999-11-10,46.75,47.38,46.5,46.81,12.6198416438126,1007700,0.0000,1.0
1999-11-09,47.88,47.94,46.63,47.88,12.9083105726501,780700,0.0000,1.0
1999-11-08,48.63,48.63,47.88,48.38,13.0431091375273,623850,0.0000,1.0
1999-11-05,47.13,48.69,47.13,48.5,13.0754607930979,1576250,0.0000,1.0
1999-11-04,48.94,49.25,46.88,47.75,12.873262945782,1286800,0.0000,1.0
1999-11-03,50.25,50.31,46.75,48.94,13.1940835301899,2650100,0.0000,1.0
1999-11-02,51.13,51.25,50.25,50.25,13.5472557701684,1193000,0.0000,1.0
1999-11-01,53.0,53.0,50.94,51.0,13.7494536174844,570500,0.0000,1.0
